-0.5400009
-1.8432827
-9.257905
-6.3665876
-5.183977
-6.4283447
-4.7596025
-4.81192
-5.894496
-7.4863625
-7.950115
-7.085639
-7.2955513
-9.169021
-7.651783
-6.3879347
-10.584227
-10.675849
-8.720168
-11.44548
-7.929181
-13.733997
-8.648316
-10.090947
-9.182057
-11.445764
-12.729114
-9.337059
-11.053831
-9.157901
-13.583689
-10.000274
-11.894358
-8.259705
-9.978986
-11.624369
-12.001747
-13.067357
-11.1206875
-13.867687
-13.597456
-8.958601
-9.920269
-10.678754
-10.245835
-10.686022
-10.261345
-12.869611
-10.421115
-9.493082
-10.864251
-10.341747
-10.079615
-9.184276
-10.643641
-11.695096
-11.53469
-10.618035
-12.688569
-12.034074
-13.523836
-9.765865
-11.680794
-10.015909
-12.633646
-20.819004
-32.736412
-28.800907
-18.981922
-16.50277
-14.972414
-21.424717
-22.872955
-17.276007
-13.491242
-14.338557
-24.04583
-21.38875
-18.392097
-10.839363
-20.17365
-18.447012
-30.011099
-18.320793
-21.521818
-11.872144
-25.023315
-20.507515
-20.253336
-15.696401
-20.987238
-24.915854
-16.914024
-18.671318
-16.81893
-24.54091
-20.95766
-15.157772
-22.119938
-22.770199
-18.741695
-17.650906
-19.960432
-21.883947
-15.411465
-14.444603
-23.68681
-18.774303
-16.477638
-19.360125
-14.625044
-13.95842
-12.818038
-14.072933
-23.55567
-16.973333
-16.482729
-20.690071
-19.164577
-17.008034
-18.35673
-22.702524
-19.959757
-18.600937
-16.377817
-18.776321
-13.861136
-16.68576
-21.456366
-18.475758
-23.366379
-8.116537
-13.057841
-13.758159
-11.842635
-9.4147835
-9.919782
-8.096365
-7.6452456
-6.9304924
-8.476227
-9.148582
-8.257547
-7.1362896
-9.736884
-8.242834
-7.486602
-10.112797
-11.339121
-9.713252
-11.462984
-9.073059
-12.533303
-9.652414
-9.980734
-9.30711
-11.177677
-12.773584
-9.906826
-11.494284
-9.309522
-13.991795
-10.672198
-12.6627865
-9.273892
-10.883552
-11.561349
-12.032203
-12.664699
-11.2374325
-13.584303
-14.058798
-9.868321
-8.918036
-10.435062
-12.141961
-10.34598
-10.704676
-12.476262
-10.642077
-10.125029
-12.745857
-10.833289
-10.259899
-8.533898
-11.135522
-11.264553
-11.49236
-10.51331
-13.776337
-11.74429
-14.058422
-10.057744
-10.911524
-10.217725
-13.19301
-20.6768
-33.879654
-29.975044
-20.459108
-15.365858
-13.8937235
-20.856224
-22.105183
-15.938932
-12.232081
-12.1381235
-22.032017
-21.270437
-22.755217
-11.098159
-22.347025
-18.833345
-27.233908
-16.27673
-19.816935
-16.127413
-24.076132
-20.949326
-20.027466
-14.416539
-20.265842
-24.458578
-19.103048
-18.776205
-16.131124
-25.869032
-19.433676
-14.259408
-21.678452
-24.806953
-21.96311
-16.152548
-12.214503
-25.027496
-14.180001
-15.60482
-23.8296
-20.58617
-20.37402
-18.535961
-18.778322
-10.815069
-13.293254
-13.975486
-19.748127
-17.578781
-10.1351795
-15.15821
-22.28251
-19.160814
-19.532362
-23.500698
-25.12835
-19.666792
-17.484215
-23.97928
-14.511034
-14.414535
-22.175503
-18.173576
-23.697369
-9.129373
-10.792231
-13.207338
-11.629515
-9.364533
-9.277759
-8.8632555
-7.504257
-6.0427284
-9.585895
-9.371895
-7.572645
-8.855132
-10.755125
-7.802703
-8.016295
-10.060466
-10.882286
-10.23647
-9.756792
-8.5516205
-12.949663
-8.50846
-10.352281
-8.586662
-11.999309
-12.923909
-11.084018
-10.8472395
-10.185056
-13.634502
-10.998448
-10.540113
-9.395649
-9.149211
-12.4366455
-10.753362
-13.737535
-11.272215
-13.909518
-14.017887
-11.4725275
-8.518742
-10.621402
-12.57406
-10.071467
-11.421072
-12.026352
-11.298818
-10.84402
-10.842964
-11.477513
-10.604397
-8.933339
-11.042666
-12.420541
-12.681555
-10.503868
-11.040465
-11.768333
-12.209142
-9.862195
-12.131536
-8.559308
-12.946294
-16.260145
-32.163372
-29.27701
-18.334377
-11.501523
-16.141907
-19.445345
-25.743614
-20.2707
-19.750513
-15.402907
-21.098715
-20.251402
-21.971437
-12.781929
-15.732026
-16.36073
-25.771345
-18.485415
-19.747635
-19.477034
-24.488466
-23.737043
-18.808947
-11.571568
-17.895718
-20.337627
-21.778927
-17.723167
-17.924772
-23.341866
-22.889849
-18.965853
-17.497318
-21.164656
-25.285486
-13.33348
-20.628836
-24.69142
-18.324232
-15.982389
-20.19986
-22.976822
-18.249334
-15.76104
-18.928728
-10.065493
-12.685742
-15.984816
-13.998771
-22.104675
-14.184449
-16.275126
-25.762133
-18.536777
-15.950752
-20.144667
-26.370474
-13.437355
-20.698656
-23.368439
-12.540375
-15.37401
-22.794304
-18.953077
-24.036776
-13.430628
-9.275583
-13.264882
-12.5374365
-9.8860855
-8.706177
-8.949085
-7.3606243
-6.676553
-9.50956
-8.834705
-6.7483053
-8.985474
-10.654305
-8.330744
-7.83762
-9.349059
-10.109374
-12.701064
-9.016248
-9.912694
-13.241664
-10.272198
-10.838157
-8.137492
-11.087533
-11.555551
-10.708076
-10.009465
-9.356588
-11.979761
-11.339785
-10.59489
-10.416569
-8.378833
-12.629022
-9.583383
-13.383453
-10.951801
-14.506366
-13.842328
-12.3605385
-9.23846
-11.682121
-10.463863
-10.376326
-11.277039
-11.112896
-11.860718
-10.3436
-9.896562
-12.718835
-11.597425
-7.86053
-10.417118
-10.789715
-12.053228
-10.398023
-11.934057
-10.491338
-12.642356
-9.793711
-12.440916
-9.742458
-12.86396
-26.321823
-31.992098
-26.858185
-14.692474
-14.164202
-14.270953
-21.332928
-22.77295
-20.94845
-18.133999
-13.027144
-21.853443
-18.715755
-19.441254
-10.9953165
-20.204708
-20.302162
-28.480469
-14.744462
-20.584263
-15.737313
-26.52689
-22.18614
-16.718245
-15.223366
-18.76508
-24.030685
-16.85544
-18.15473
-20.794422
-25.29359
-22.68822
-15.404572
-21.310972
-21.744179
-18.167614
-15.931666
-22.264765
-21.405687
-17.46236
-17.531002
-24.448454
-16.456573
-17.045341
-18.2057
-13.954857
-15.271875
-15.549245
-16.528265
-23.000078
-15.137495
Done. Our total time was: 32228ms
Samples per timestep8
ave frequency = 15.793719746804
Target frequency = 15.625
alpha filter = 0.2
Kp = 0.03
Ki = 0.006
Kd = 0
--------
-12.059865
6.5275297
0.69733524
-0.14130116
0.14322567
-0.4607706
-0.3880186
-4.0277042
-9.354428
-8.8897705
-15.130867
-18.343893
-19.833235
-19.720383
-16.96493
-19.771114
-17.412231
-15.666667
-12.147176
-10.764145
-11.087413
-11.484631
-9.1874
-10.374193
-7.630993
-13.003964
-11.303909
-15.857917
-14.03429
-16.009014
-16.998741
-14.916824
-11.72003
-13.134383
-13.545913
-11.346096
-10.15403
-10.142438
-14.4027
-12.6681185
-12.444883
-13.642904
-12.433721
-11.0203705
-14.26099
-14.449493
-15.803064
-14.46194
-13.04498
-15.220568
-12.798495
-12.43591
-12.283907
-9.653861
-13.256922
-17.863705
-35.70703
-29.941322
-27.303457
-16.375706
-16.486326
-8.815914
-8.687028
-6.418478
-6.3078833
-7.761157
-19.778366
-25.818333
-30.26987
-24.523535
-24.384203
-22.07087
-23.313242
-11.955097
-4.8001537
-4.734646
-9.438679
-15.667093
-17.117044
-14.278586
-25.71624
-27.783066
-28.2074
-20.488295
-14.888027
-19.159798
-11.474371
-10.7476
-7.8171415
-16.711584
-22.503656
-16.404516
-20.857866
-22.268253
-19.323944
-15.357944
-19.679888
-18.600424
-16.202606
-12.529709
-18.438816
-12.344393
-10.618362
-10.9747505
-14.2493925
-20.83424
-14.649499
-17.403591
-24.275976
-18.793377
-15.683664
-20.20269
-22.780237
-11.895438
-15.420309
-19.209501
-12.23777
-11.31125
-21.49058
-17.731556
-22.021294
-11.61249
-8.665013
-11.862013
-10.797107
-8.240732
-8.1724415
-9.09569
-8.1313505
-7.845894
-11.101087
-12.482083
-10.828276
-13.396332
-15.594928
-12.159455
-11.994481
-14.620637
-13.498821
-15.632212
-11.620232
-12.149828
-14.440638
-11.129574
-12.830401
-10.34392
-13.918847
-13.667703
-15.051525
-12.7983885
-12.771774
-13.713677
-13.64875
-12.277046
-12.576411
-9.814825
-14.033639
-12.27504
-16.079086
-14.036726
-14.87673
-16.286352
-15.84393
-12.651701
-12.160006
-13.087051
-10.879848
-10.109289
-12.258601
-12.8076935
-11.837349
-10.873049
-13.873341
-13.982439
-11.1678705
-15.258085
-13.359928
-14.2455225
-16.291618
-13.299528
-17.053486
-14.879869
-13.148636
-12.78287
-10.94283
-12.908957
-15.4444685
-32.852226
-27.113876
-23.612034
-16.31862
-15.62921
-12.022328
-17.297026
-8.716099
-8.978188
-8.243635
-18.016006
-23.797789
-26.164684
-21.441505
-21.346346
-17.467398
-22.300993
-12.70244
-8.763208
-7.199766
-14.69917
-18.875246
-20.497986
-12.365347
-23.266098
-25.71672
-25.48472
-17.656252
-12.886295
-16.852446
-9.365217
-11.326235
-14.583363
-18.48746
-26.676773
-16.142786
-21.092123
-25.434208
-19.368982
-13.517273
-15.444617
-12.456106
-14.560846
-10.975002
-16.83447
-13.70838
-12.454788
-18.116728
-18.703537
-19.576492
-12.0336485
-10.108571
-22.794962
-17.859203
-16.947683
-23.558643
-24.277592
-14.754746
-15.7858
-20.062464
-13.172871
-14.317119
-20.36264
-17.343813
-21.18059
-8.224788
-9.122234
-10.770206
-9.665893
-6.8563023
-7.8305016
-8.288261
-8.10863
-7.8655376
-12.065511
-12.852137
-10.722917
-14.493836
-16.632057
-13.849784
-13.406064
-15.263971
-14.597574
-14.9750185
-11.670754
-11.259644
-13.919159
-11.186833
-11.972352
-10.119109
-13.409581
-12.750714
-12.6386
-12.207102
-12.265965
-14.844439
-13.99501
-13.071571
-13.159407
-11.634445
-15.504174
-13.317135
-15.277849
-12.8250675
-15.203527
-14.467276
-11.016992
-11.514272
-12.544193
-14.3525505
-11.037189
-10.082512
-13.098448
-13.440662
-13.406744
-12.687925
-14.937009
-14.376222
-11.170071
-14.178621
-14.544071
-16.107065
-12.863061
-12.73415
-14.454936
-12.702252
-11.6470995
-12.847612
-10.803743
-13.924407
-19.758228
-33.049152
-28.867067
-21.060781
-12.338707
-12.290659
-12.108479
-20.016665
-10.16646
-10.121669
-9.597731
-22.027138
-24.538305
-25.619585
-19.081863
-21.45315
-14.932725
-22.610676
-11.990107
-8.745473
-8.105267
-17.97239
-18.393412
-17.942566
-13.264691
-23.958015
-27.407967
-24.036652
-18.952213
-13.7862835
-19.151869
-10.917283
-8.942819
-12.923189
-16.590694
-22.61057
Done. Our total time was: 22308ms
Samples per timestep8
ave frequency = 15.8239196700735
Target frequency = 15.625
alpha filter = 0.2
Kp = 0.03
Ki = 0.012
Kd = 0
--------
-13.004004
-0.10038853
-0.3865366
-3.290926
-8.965704
-7.6106167
-17.35539
-32.64655
-31.81108
-37.003117
-36.8438
-24.941845
-18.576197
-0.43135828
6.739667
5.1851034
7.7907553
6.304907
0.5506849
-8.689806
-16.01182
-22.98707
-30.560696
-32.764225
-28.562836
-27.131388
-21.652943
-12.801855
-5.5768156
-1.3123989
2.1174612
2.329216
0.24631216
-6.3792534
-16.78921
-21.102839
-26.769493
-26.403524
-29.333933
-25.927402
-22.568026
-13.971996
-8.705436
-4.485265
-0.75847816
0.9999008
-1.2857113
-4.0870485
-14.325972
-16.440388
-25.505112
-26.777754
-28.297329
-25.679594
-22.817608
-14.240906
-12.836601
-8.717443
-4.628357
-3.6433058
-4.1539
-5.8612375
-8.247173
-12.476121
-21.142155
-27.945387
-29.245703
-31.05209
-26.600843
-17.959759
-10.25237
-3.1571035
-0.67556095
0.00243187
-0.58182335
-3.4017668
-6.4473724
-15.594688
-29.532541
-45.54987
-43.617386
-35.023823
-21.902016
-9.816914
0.0040121237
-0.08588505
0.08595753
-0.47409534
-0.49599075
-6.873578
-20.589418
-31.903742
-35.504517
-38.277157
-32.122997
-23.43123
-9.083797
0.22874929
-0.113422394
-0.60131454
-0.62057495
-2.5667543
-8.959539
-27.163792
-38.99327
-41.437714
-35.94921
-28.016562
-20.607801
-4.6252365
0.4183674
-0.8443966
-0.11852932
-1.4239464
-0.6150675
-12.607491
-27.289875
-33.70702
-35.168713
-38.18749
-32.970306
-18.61693
-8.4636345
-4.20158
-0.35350132
0.89062023
-0.116500854
-2.9760294
-10.873349
-12.545503
-28.367514
-37.07135
-36.67124
-30.563354
-29.545677
-21.489666
-4.645483
-1.8116989
0.14021206
0.64854527
-0.45139125
-8.877569
-12.506304
-23.790295
-18.868172
-18.922598
-23.466274
-22.468973
-18.053402
-14.165745
-11.040322
-6.436489
-4.953807
-6.9069967
-7.7698927
-7.641817
-12.865366
-17.970297
-18.100172
-20.36688
-22.532185
-21.37738
-19.619688
-14.394926
-10.768961
-10.415151
-5.3197117
-5.2408676
-2.7524614
-9.586707
-13.248673
-17.342588
-20.72962
-22.202753
-25.416342
-22.1688
-19.280987
-13.438631
-10.072181
-7.7693872
-6.2493124
-6.665
-5.95405
-11.233532
-14.324745
-13.141465
-20.367493
-26.898829
-27.144321
-26.811846
-26.256187
-15.631318
-7.528288
-2.0947514
0.13950539
Done. Our total time was: 12310ms
Samples per timestep8
ave frequency = 15.8407798537774
Target frequency = 15.625
alpha filter = 0.2
Kp = 0.03
Ki = 0.024
Kd = 0
--------
0.08761883
0.22320366
0.5365019
0.22772598
0.3923645
-0.7437105
-24.953201
-49.600025
-54.533825
-55.261093
-32.973988
-13.846959
-0.7506809
-0.48272324
-0.15316868
-0.41671276
-0.16652107
-0.05054474
0.77146626
-0.27486324
-0.58139896
-19.897787
-41.024097
-47.073284
-48.23397
-36.94771
-19.806421
-2.606925
0.30154228
-0.5931635
0.25944805
-0.20482254
-0.033952713
0.0846138
-9.820014
-23.717213
-37.66237
-48.539913
-44.319687
-35.583225
-14.094335
-3.4079676
0.53394413
0.49341488
0.08979893
0.6264496
1.4519844
0.46995258
0.16520882
-21.300552
-39.344692
-48.755608
-51.523205
-42.473896
-19.215052
-2.61479
1.0618601
0.8213167
-0.12945366
0.8154774
1.359582
1.4874496
1.5087929
-9.6556225
-25.346685
-37.902557
-39.688408
-41.00495
-32.44092
-19.29362
-5.804631
6.2341614
0.8893881
0.19444942
0.8130436
0.5733404
0.9140606
-6.9692
-20.640928
-30.56346
-40.10294
-40.09205
-36.22579
-22.614931
-8.943166
3.7125006
9.205559
3.6769838
0.4288559
0.7749672
-6.176712
-20.92868
-30.799244
-40.030525
-40.305344
-38.19655
-22.512306
-13.411129
0.12537481
7.175338
0.13631439
0.076981544
0.37180042
-4.5085335
-15.005172
-32.65321
-39.43915
-41.78207
-37.33393
-26.23647
-8.575168
-0.4718504
-0.3609705
-0.17313766
0.27265453
-0.23346329
0.17856789
-0.99236584
-7.234003
-25.246061
-39.37963
Done. Our total time was: 7591ms
Samples per timestep8
ave frequency = 15.9399288631274
Target frequency = 15.625
alpha filter = 0.2
Kp = 0.03
Ki = 0.048
Kd = 0
--------
