-0.48944283
-2.4969559
-11.909886
-9.89293
-11.771664
-9.56665
-7.269869
-6.9757967
-7.7712135
-6.6104136
-5.0829277
-8.836763
-8.861645
-5.1095715
-7.249341
-9.726744
-6.110697
-6.198223
-7.585518
-7.4204836
-10.263354
-5.2036943
-8.080173
-10.398194
-8.904647
-9.542388
-6.6379156
-10.818377
-10.208803
-11.054256
-8.278059
-8.606742
-11.506308
-11.53093
-9.45403
-9.917628
-7.1704817
-12.16998
-10.189615
-13.665652
-9.828121
-13.033418
-11.405832
-12.348886
-7.3932705
-9.841275
-9.497054
-11.143583
-11.104655
-10.884252
-10.588993
-9.767022
-9.718981
-13.134046
-11.0844
-9.668115
-11.650397
-10.579243
-11.036586
-10.740176
-9.314569
-12.181097
-11.244481
-12.331389
-10.803982
-10.14024
-11.537343
-13.576213
-28.014362
-24.224804
-19.634663
-8.168023
-13.894889
-18.69538
-28.483116
-22.87693
-18.17412
-10.039913
-13.334081
-23.990881
-24.602592
-19.738794
-11.5718775
-19.718325
-23.400059
-24.05175
-15.838026
-18.422396
-17.971941
-25.497316
-19.973927
-12.6790085
-17.708073
-22.407604
-27.80114
-17.674597
-16.943853
-21.565348
-23.278406
-20.893635
-16.43898
-22.123333
-26.831863
-20.81179
-22.033306
-23.106981
-20.347973
-15.7737255
-17.479433
-22.950808
-19.943901
-14.850428
-25.143536
-17.912481
-15.236509
-14.488013
-16.21752
-26.263893
-14.200721
-13.305478
-20.612013
-20.572811
-15.87335
-22.395914
-23.409336
-16.826672
-19.236483
-21.586697
-17.061985
-15.9042635
-24.823881
-21.728489
-23.379435
-11.51344
-6.7097006
-12.906881
-14.739214
-12.264615
-10.608104
-11.217193
-8.534013
-7.9130573
-11.2634735
-10.943025
-7.0115623
-8.355382
-9.80042
-7.6433287
-7.491865
-9.155666
-8.70497
-10.367005
-6.3090544
-8.518329
-11.512001
-8.661969
-9.749171
-5.974559
-10.905996
-10.608389
-12.441981
-8.138397
-8.9421015
-9.3237705
-12.086223
-9.3981285
-10.070513
-6.946247
-13.875324
-10.191979
-13.885437
-9.714544
-12.456004
-11.651099
-9.198306
-10.147173
-10.608535
-10.482368
-11.107991
-11.940487
-10.697357
-10.290778
-9.988759
-10.056969
-12.296124
-11.281134
-10.705303
-11.34592
-11.149758
-10.785974
-11.12474
-9.938403
-11.549051
-12.110431
-11.135826
-11.641489
-9.686783
-10.867833
-13.512525
-28.717983
-24.86043
-19.899368
-9.168639
-14.941637
-16.516443
-27.270994
-23.12353
-20.709242
-11.007572
-14.29772
-21.329102
-22.834509
-20.717175
-13.773863
-19.044136
-18.857565
-25.855494
-18.812607
-18.48129
-20.24166
-24.865074
-21.440044
-14.876246
-18.389399
-19.357563
-24.303583
-17.559626
-19.702345
-20.679438
-23.770514
-20.74195
-16.189144
-21.90999
-26.979084
-20.47187
-18.937523
-22.430681
-19.747978
-18.009172
-19.746931
-23.843227
-21.139772
-14.632011
-20.437134
-15.776888
-13.116412
-16.358866
-20.815756
-23.166319
-13.265902
-11.011211
-20.585932
-18.838627
-16.366703
-22.584398
-23.921669
-16.40058
-13.74195
-21.937365
-17.046957
-18.450445
-24.161974
-21.00961
-23.721416
-13.570218
-7.7663774
-13.5152
-14.333062
-11.639242
-10.884789
-10.505791
-8.086265
-6.8854322
-11.513477
-11.097221
-6.583379
-8.990359
-10.430985
-7.895152
-8.259747
-9.78705
-8.701372
-9.972713
-6.4646673
-8.963135
-11.657436
-9.877342
-9.559646
-7.4815445
-11.337053
-10.6797695
-12.307737
-8.59278
-9.910298
-9.988607
-12.599627
-9.598949
-11.506464
-7.224304
-12.669033
-10.346042
-13.619769
-10.876307
-11.803505
-11.977672
-12.189036
-9.890083
-11.137507
-9.949118
-9.913517
-11.371935
-10.097184
-10.70522
-9.250013
-9.341793
-11.481158
-11.042813
-10.313633
-10.821993
-11.16281
-11.628234
-11.420216
-8.931561
-11.902463
-12.284021
-10.8664255
-11.418909
-10.354692
-10.951243
-11.637313
-26.110397
-24.919563
-19.5228
-8.825312
-16.062857
-23.736986
-28.928713
-20.58279
-12.442398
-9.365101
-16.56663
-24.05965
-24.64189
-16.768436
-14.59632
-19.609425
-25.714262
-23.348356
-16.881187
-17.370958
-20.476772
-25.41252
-21.427145
-14.087844
-19.596079
-21.679972
-26.236122
-16.192465
-18.514414
-21.27371
-22.41984
-20.742632
-16.100899
-22.630033
-25.91547
-19.579
-20.195427
-21.832705
-18.353579
-18.135908
-19.976587
-25.51264
-19.546972
-17.523302
-21.526783
-13.6923275
-15.250715
-14.095511
-22.918688
-26.057629
-11.403436
-9.1206045
-20.37436
-20.966137
-19.04826
-22.559912
-23.528234
-15.9605875
-16.29689
-22.465624
-14.255854
-15.784624
-21.058548
-21.128094
-23.896345
-15.40181
-6.475481
-11.871444
-14.185969
-13.87335
-10.301766
-11.410271
-9.525153
-7.58379
-10.685004
-10.08482
-8.987889
-10.243645
-8.969083
-8.008468
-8.612589
-7.371358
-10.032145
-10.817975
-6.9555902
-9.897377
-8.234603
-10.944651
-8.837722
-8.135473
-10.19962
-11.267991
-13.164151
-8.134159
-10.190915
-8.55912
-13.113249
-8.54505
-11.874888
-7.085354
-11.21179
-10.953083
-13.344435
-11.514914
-10.817302
-12.106159
-12.792028
-9.8414345
-9.339474
-11.336181
-10.121755
-10.529908
-10.666999
-9.6915655
-9.961994
-8.881705
-11.3654585
-11.37471
-12.51362
-8.828868
-9.542461
-11.370912
-10.408847
-9.855024
-11.525652
-10.832862
-13.394621
-10.2091255
-11.964973
-9.472988
-11.900053
-20.531124
-29.554417
-24.308542
-11.112786
-9.981059
-12.679141
-23.988508
-27.509752
-21.871834
-13.280938
-9.893991
-24.378292
-21.58739
-25.071026
-11.453313
-20.100183
-15.333227
-29.647482
-16.964607
-20.073114
-15.950263
-27.488775
-21.414797
-18.612534
-14.853989
-20.405146
-26.378641
-21.21235
-18.643517
-13.638078
-25.4412
-22.268837
-16.084736
-21.095623
-24.743752
-22.18913
-17.600464
-17.42365
-24.546757
-19.319906
-17.528797
-24.948244
-20.832287
-20.722597
-18.178875
-21.42944
-17.902788
-10.934543
-13.751149
-20.756844
-21.90031
-20.876518
-20.33001
-19.426691
-16.638704
-16.479265
-20.06116
-20.820581
-17.112963
-15.148123
-18.506031
-16.210432
-20.874432
-26.064327
-22.52837
-22.211254
-7.563775
-8.421174
-13.331913
-14.255893
-10.564668
-10.910111
-9.617737
-9.409689
-7.3689804
-10.046188
-10.288375
-8.7455
-8.203409
-11.180891
-7.990259
-6.22698
-10.0359
-10.831476
-9.53001
-9.383487
-6.6755533
-11.704856
-8.391094
-9.074644
-8.74549
-10.236688
-12.067365
-8.001249
-9.779738
-7.876772
-13.687013
-9.627429
-11.565109
-7.2618694
-9.518374
-10.874102
-12.211223
-12.868249
-10.367646
-12.583981
-12.802907
-9.956825
-9.915423
-10.648261
-10.3545685
-11.158408
-10.328348
-11.6118
-10.297832
-10.122504
-9.989988
-10.487744
-11.35394
-9.486934
-11.584142
-11.446989
-10.621528
-10.3630495
-9.703418
-12.031998
-12.262721
-9.642657
-11.084818
-9.062463
-12.331122
-16.469156
-29.877249
-23.623964
-11.237014
-9.077567
-14.644202
-23.622686
-30.24341
-21.709267
-14.724797
-10.321179
-22.086561
-22.285366
-22.879927
-12.938255
-19.490427
-18.212101
-29.276217
-18.604792
-20.482346
-13.6318655
-25.430733
-22.09794
-20.314556
-10.847379
-18.971048
-23.745663
-21.387054
-21.243898
-16.079908
-25.230211
-23.866957
-19.312344
-20.387867
-20.453342
-26.02855
-17.647383
-19.856104
-25.623951
-18.041164
-15.507065
-22.962038
-23.575308
-21.27378
-16.123333
-21.411053
-17.247011
-11.757011
-15.931707
-19.769459
-21.102802
-12.718145
-16.473467
-22.585562
-20.181519
-17.814985
-20.204586
-23.75203
-14.90891
-16.931004
-22.5155
-14.561028
-12.832196
-23.683037
-23.670044
-23.7902
-8.578504
-8.143511
-13.598532
-14.934295
-11.332261
-10.24443
-10.007662
-9.046186
-7.390045
-11.288654
-9.661214
-7.0710163
-8.890492
-11.240784
-7.8852844
-7.0897083
-9.869233
-9.148524
-11.770651
-6.448284
-8.575417
-11.895143
-9.28464
-9.925244
-6.767274
-11.992673
-10.910672
-11.462805
-8.990407
-8.727262
-10.513166
-10.922677
-10.379826
-10.019485
-8.006014
-13.128871
-10.705553
-13.788966
-9.963861
-12.6858015
-11.780215
-10.692505
-7.4128017
-10.812602
-11.952351
-10.447692
-12.042167
-10.898231
-8.391025
-9.403884
-8.673718
-13.13993
-10.916497
-9.798967
-10.992934
-11.160913
-11.266805
-11.133849
-9.530323
-11.419013
-12.526469
-10.588374
-12.262355
-9.977988
-11.657
-14.195814
-29.131187
-25.49717
-17.460827
-8.52289
-15.856329
-19.316673
-27.542873
-21.920351
-17.994638
-10.6158
-17.607733
-22.268635
-23.74255
-15.882299
-13.299139
-17.737843
-27.237314
-24.318903
-20.84158
-12.996322
-17.05341
-22.187681
-24.160635
-14.676151
-20.10069
-20.55596
-23.707838
-18.772947
-20.48952
-25.964737
-21.582506
-19.716187
-18.016163
-24.760437
-25.4569
-17.251312
-15.309982
-22.734783
-16.872044
-16.533527
-22.084963
-25.62048
-20.390095
-14.026041
-18.56847
-17.324205
-14.661223
-18.71912
-22.259083
-23.7294
-13.627694
-15.196295
-21.88284
-18.345291
-16.249392
-22.015444
-24.403654
-16.574339
-19.264664
-25.102003
-14.948048
-14.154508
-20.445112
-22.635323
-22.64514
-13.173531
-7.3013554
-13.783625
-14.423121
-12.185139
-10.809646
-11.623342
-8.908877
-7.5538197
-11.767545
-10.730253
-7.812747
-8.926619
-9.333206
-7.7751493
-8.441875
-9.055985
-9.817717
-10.310693
-7.2493134
-8.836945
-9.334773
-8.250951
-9.812477
-7.304529
-11.415039
-11.153476
-11.769401
-8.248044
-9.149321
-9.885721
-11.193235
-9.42408
-10.349017
-7.595543
-12.759347
-10.55918
-13.457186
-10.089974
-11.597744
-11.133463
-10.255494
-8.495792
-10.759428
-10.974133
-9.690323
-12.270851
-10.771254
-10.940445
-9.52339
-8.417798
-10.297963
-10.487415
-9.497043
-10.501709
-10.752144
-10.553336
-9.812236
-8.162072
-11.486634
-11.802152
-10.835196
-10.426059
-8.599158
-10.910367
-12.323474
-28.299318
-25.815765
-18.616743
-7.660038
-16.074926
-21.718933
-28.303337
-20.163218
-17.747396
-10.144661
-16.331488
-21.289894
-25.461126
-15.658971
-14.085716
-17.759232
-27.026104
-24.026924
-20.89245
-14.45801
-21.671831
-23.142876
-22.679102
-12.501067
-19.426086
-23.50378
-28.660252
-15.218951
-17.563284
-22.10551
-23.066664
-21.710691
-19.226616
-23.46517
-26.9638
-17.223553
-18.922863
-21.745611
Done. Our total time was: 56488ms
Samples per timestep8
ave frequency = 15.808667327574
Target frequency = 15.625
alpha filter = 0.5
Kp = 0.025
Ki = 0.005
Kd = 0
--------
-17.250917
0.5845785
0.14601707
-0.20648575
0.8123102
-0.3428297
-1.1499472
-1.2563076
-5.7310495
-8.943083
-10.171283
-11.591203
-11.268931
-15.885578
-14.321455
-13.362896
-11.716018
-11.352481
-14.993205
-14.226252
-16.34177
-11.318471
-14.457919
-13.0913315
-12.683765
-9.238223
-11.719095
-10.939578
-13.547607
-11.820244
-12.796497
-13.896258
-14.313269
-12.033734
-15.461556
-12.969698
-10.941653
-10.908473
-13.042935
-13.197964
-13.421387
-13.438073
-15.294951
-14.650781
-14.406706
-12.899769
-11.140572
-11.390778
-12.391142
-31.310188
-29.209087
-20.882938
-7.9995527
-9.356148
-12.562811
-23.484528
-20.150026
-18.411335
-11.882365
-19.11395
-18.410501
-20.288124
-14.0665
-12.167685
-15.384249
-25.030638
-21.975025
-18.21401
-10.936302
-15.604091
-19.270023
-19.463062
-11.469639
-18.444122
-19.423523
-24.475094
-15.783141
-16.252306
-20.81631
-18.540394
-14.40799
-11.611337
-18.233477
-26.927893
-17.02908
-21.481972
-21.887363
-16.326008
-12.910465
-14.54836
-19.56958
-18.657219
-14.694139
-21.875767
-11.617398
-12.28409
-12.501632
-15.516951
-23.335281
-12.175666
-15.326474
-20.977081
-18.62056
-16.13832
-20.928904
-20.932474
-14.303426
-11.9915
-20.400633
-15.46036
-13.566632
-20.141468
-17.456596
-20.23851
-13.874198
-5.282527
-10.774568
-11.7351885
-12.125102
-11.213631
-12.458376
-9.3461685
-9.118308
-12.6035795
-11.699074
-10.309388
-12.948733
-14.183937
-11.958934
-10.67368
-10.845176
-10.985123
-14.565374
-10.322335
-12.721538
-14.15508
-12.275635
-12.141653
-9.714628
-14.068204
-12.833207
-15.042673
-10.728513
-12.450106
-12.619276
-14.646011
-11.9976845
-12.43794
-9.681538
-15.237891
-12.648508
-15.745903
-12.336759
-14.19729
-14.428402
-13.60717
-9.267395
-10.879084
-12.450817
-13.485512
-11.032729
-12.91988
-15.383318
-13.4584675
-13.045425
-16.657017
-12.352481
-10.7407675
-12.75603
-13.919497
-12.944887
-10.620243
-10.043905
-18.399462
-13.541848
-14.908503
-11.609735
-9.617235
-11.923706
-14.82461
-31.950478
-27.201183
-22.760784
-6.6587763
-9.392845
-13.978237
-24.931799
-21.284428
-17.549208
-11.414334
-13.6901
-19.260595
-19.867167
-18.637802
-11.296257
-17.294252
-21.278025
-24.6324
-15.919802
-14.890831
-14.160689
-19.0453
-18.389294
-13.562401
-17.58373
-20.731401
-25.404928
-16.624872
-14.989422
-18.388811
-15.58985
-18.056845
-14.537346
-19.970947
-24.121485
-15.091603
-17.105059
-18.214884
-17.941502
-14.972453
-17.798136
-18.909748
-17.717455
-14.245598
-22.560986
-11.140299
-13.183618
-13.698888
-18.09895
-22.627335
-12.400312
-13.666219
-21.115612
-19.406727
-16.074575
-19.571108
-21.442463
-13.251777
-12.162286
-21.445297
-14.168972
-11.614899
-21.163933
-15.934326
-22.378733
-11.0380745
-7.7816486
-12.306806
-14.190321
-11.987782
-10.108136
-11.950184
-8.523392
-8.752877
-12.666433
-13.175395
-9.151926
-11.602949
-14.317624
-12.139897
-12.711535
-12.839326
-11.221059
-14.254696
-9.181296
-12.037733
-13.559151
-12.352812
-12.501465
-9.575283
-13.899256
-12.291339
-14.051005
-11.440797
-12.422825
-13.33629
-14.411752
-12.145524
-12.3601465
-8.994662
-14.865184
-11.889508
-16.641273
-12.907447
-14.915917
-13.258214
-14.002133
-11.466752
-11.03089
-11.02017
-11.708441
-12.330605
-12.417077
-14.067146
-13.412645
-12.164994
-14.358528
-12.892985
-11.403889
-12.745865
-13.232566
-14.583409
-11.994264
-13.104272
-16.27041
-13.7754135
-12.820588
-12.512342
-10.137442
-13.657649
-16.419018
-33.016293
-26.226854
-22.468285
-9.300244
-10.223427
-8.896241
-20.785334
-19.68799
-19.587967
-14.168772
-19.463188
-18.89606
-20.291824
-14.12548
-8.883452
-15.503282
-22.487816
-25.27064
-17.646276
-14.079588
-14.906257
-19.855553
-17.29286
-11.369802
-19.370035
-19.360178
-25.321371
-15.399908
-15.520152
-18.67747
-16.627686
-18.632883
-16.018307
-21.863317
-25.507048
-14.743191
-13.031391
-18.131384
-14.793883
-16.292183
-20.450558
-22.26452
-19.035955
-14.18502
-18.472996
-13.556183
-11.194976
-14.09438
-16.396976
-22.428373
-14.990935
-14.304493
-20.035501
-16.652557
-13.407334
-16.761036
-19.799286
-13.851965
-16.442282
-19.789827
-16.548023
-11.779409
-24.294863
-17.06167
-23.851154
-11.259709
-7.150831
-11.429803
-13.548662
-10.9959755
-10.09759
-11.269813
-9.59872
-8.667937
-12.817637
-13.671872
-9.984091
-12.136441
-13.685092
-11.100659
-11.727313
-11.182456
-13.272223
-14.5309515
-10.129781
-11.131523
-12.4873905
-12.873866
-12.692797
-10.634702
-13.586959
-12.780846
-14.571336
-10.043028
-12.715704
-11.534897
-14.743132
-12.63056
-12.852798
-9.202608
-14.686479
-12.584013
-16.31263
-12.193058
-14.233153
-14.09995
-11.847912
-10.979942
-10.231705
-12.191648
-12.388275
-12.242064
-13.0007515
-12.758876
-11.581416
-11.242316
-12.660629
-14.279364
-11.587946
-15.356119
-13.387812
-14.034888
-11.017927
-10.527326
-17.627964
-14.76062
-12.847218
-12.709477
-10.001357
-12.630728
-15.761901
-32.89529
-28.343782
-18.629942
-6.007807
-7.8301764
-14.909067
-26.030312
-21.758669
-19.070568
-10.045415
-11.3202305
-17.62591
-21.67587
-19.898167
-16.910347
-19.466097
-22.70095
-20.579075
-10.584862
-10.5472355
-16.110725
-23.873518
-21.777327
-12.680219
-18.722776
-17.14005
-24.674229
-14.9116535
-16.546377
-19.931185
-17.215586
-19.446842
-12.782999
-20.893904
-23.200954
-15.638645
-14.309623
-17.627895
-18.736134
-16.686193
-20.526464
-21.285892
-17.517195
-12.477855
-19.131813
-13.111919
-14.702885
-13.597688
-18.233362
-21.941545
-14.580749
-15.148157
-19.74073
-16.450583
-14.16901
-15.640746
-23.266655
-14.306609
-14.675182
-19.161076
-13.576379
-13.341762
-21.611372
-17.09064
-18.348942
-12.845115
-6.2109365
-9.722585
-11.895769
-10.070085
-11.107688
-11.88088
-9.351278
-7.940563
-13.191913
-13.313723
-12.049861
-13.535978
-13.891709
-11.812051
-11.827134
-12.299008
-13.516975
-15.93088
-11.2176285
-12.755914
-13.578733
-12.612279
-11.954235
-9.247773
-12.769505
-11.235431
-14.072643
-9.175292
-13.7240715
-10.5152235
-15.641855
-11.776663
-14.399392
-9.56886
-15.168841
-13.599187
-16.417904
-13.477399
-13.137927
-14.163016
-13.89251
-7.2518215
-12.851239
-12.154012
-13.549423
-12.456843
-12.963066
-13.983576
-11.92505
-12.990336
-12.484729
-11.870471
-11.396264
-10.957806
-13.433564
-13.399733
-12.904991
-12.419704
-14.008014
-13.9514675
-14.522676
-12.831398
-15.229504
-11.701323
-14.835782
Done. Our total time was: 36180ms
Samples per timestep8
ave frequency = 15.8374792703151
Target frequency = 15.625
alpha filter = 0.5
Kp = 0.025
Ki = 0.01
Kd = 0
--------
-18.181463
-0.19745159
-0.8074055
-0.65732384
-0.42879486
-0.5442505
0.44301796
-2.6103163
-24.64001
-33.46218
-35.13989
-27.340452
-12.77404
-7.921419
-1.2546129
-1.0889845
-6.1292667
-25.963886
-33.858597
-32.71845
-27.18558
-16.075874
-4.2817097
-0.6627693
-2.358779
-15.765818
-14.356079
-26.752756
-35.257812
-27.197723
-16.575523
-9.677249
-5.3841505
-3.7384644
-3.4223747
-11.501718
-25.003378
-27.518772
-31.041183
-27.278374
-14.69265
-5.927764
-2.1578665
-9.28764
-10.806045
-14.528257
-24.615973
-28.03536
-20.925896
-19.694925
-14.7065525
-12.217335
-9.3614435
0.22974205
-4.8261766
-12.149954
-16.748642
-17.283497
-18.607641
-15.863153
-13.847488
-13.954602
-12.326694
-10.779568
-12.162246
-12.269614
-14.412481
-13.161514
-12.1006975
-15.069512
-16.673132
-12.924094
-15.444478
-12.089121
-14.886326
-11.083112
-12.391075
-12.01396
-14.788229
-17.22034
-14.122561
-14.961402
-11.101713
-14.4389
-11.859799
-14.397362
-11.327979
-14.184247
-14.840185
-16.318792
-17.428799
-14.098357
-16.347418
-14.066169
-8.929579
-10.063826
-11.809508
-14.170862
-16.72231
-15.373285
-15.721334
-12.361813
-16.581444
-15.93629
-17.018038
-12.651492
-9.991363
-10.910255
-11.6092
-11.890694
-11.723494
-14.583724
-16.196619
-22.857367
-18.979422
-22.114422
-9.945901
-7.249449
-5.3773613
-21.257128
-25.828823
-23.28484
-22.408096
-15.995309
-9.568409
-7.653743
-2.915247
-8.599483
-19.755648
-37.843544
-34.00671
-32.69194
-6.33685
1.6015148
-0.45717525
-4.857337
-10.917797
-27.170511
-31.372091
-40.75954
-25.544632
-10.516997
0.33027458
-0.3291397
-0.91897106
-8.951946
-19.536448
-32.683216
-41.622494
-26.59492
-15.023112
-3.1078777
-1.3167238
-2.2797403
-3.9023943
-21.226337
-36.368504
-32.46729
-21.03271
-15.212319
-9.720823
-6.900053
-6.6099815
-9.446627
-15.986664
-13.085555
-27.239801
-30.497604
-23.350195
-14.132643
-8.9048605
-8.613449
-8.189556
-9.971473
-18.591423
-23.754482
-17.377974
Done. Our total time was: 11138ms
Samples per timestep8
ave frequency = 15.8915424672293
Target frequency = 15.625
alpha filter = 0.5
Kp = 0.025
Ki = 0.02
Kd = 0
--------
-0.03999901
-0.34771633
-1.5669451
-3.2785635
-5.061887
-5.669093
-7.446931
-11.919659
-16.55015
-16.327711
-14.441581
-14.078081
-14.383011
-14.117742
-13.859759
-15.669596
-23.285288
-23.063126
-17.19007
-13.799124
-11.624194
-14.140415
-12.506532
-15.014207
-11.137016
-8.209314
-9.3688
-7.9330864
-8.438297
-11.124086
-10.557253
-8.685649
-7.685363
-8.387858
-8.82901
-8.711311
-6.0717297
-9.396664
-12.039567
-8.5867
-9.533271
-7.858882
-12.11341
-7.7989607
-8.268911
-8.512659
-10.93003
-12.573187
-8.223577
-9.151032
-8.54026
-14.512496
-10.023561
-11.646639
-6.46204
-10.275631
-9.893424
-14.085334
-12.750917
-10.347731
-11.321442
-11.969411
-6.997697
-10.055799
-10.100014
-12.375703
-11.462567
-9.775837
-11.6773205
-10.293585
-10.179989
-11.763409
-12.028716
-11.174486
-9.191383
-12.041872
-11.511078
-10.974023
-9.285051
-10.147342
-10.58544
-13.384701
-9.890344
-11.748925
-9.047338
-12.404845
-19.904198
-27.484459
-20.616833
-6.2326307
-4.225752
-11.385136
-28.351252
-35.43771
-21.83071
-6.112464
-1.395607
-21.201834
-32.648754
-31.728382
-10.607293
-7.491021
-7.5014267
-30.113325
-28.124054
-27.04767
-7.7984953
-14.671219
-15.791235
-29.126698
-22.57037
-25.37186
-18.70033
-10.289335
-11.685714
-21.626324
-32.36095
-29.765768
-14.64145
-11.185425
-13.569446
-23.300419
-27.929924
-24.772156
-20.564772
-10.087412
-12.986586
-26.910402
-26.215063
-23.997068
-17.101532
-15.015467
-15.217687
-13.311812
-24.399633
-27.231157
-18.665083
-10.189598
-12.847477
-17.745506
-22.67218
-22.328362
-21.404627
-18.48862
-15.034208
-19.637014
-19.366816
-17.741518
-18.288662
-21.24115
-20.838608
-20.489264
-5.712021
-10.831187
-16.177208
-19.111128
-13.78913
-10.985479
-6.611147
-7.360467
-10.514568
-11.822591
-11.463536
-9.320901
-8.500426
-9.750396
-9.182613
-6.750044
-12.076862
-12.461672
-8.204492
-11.176702
-8.797777
-13.318924
-8.655347
-9.375461
-7.68231
-11.334814
-14.120558
-9.509258
-10.403569
-6.5962744
-13.2873125
-10.606754
-13.9227705
-8.894756
-9.7964735
-9.881004
-12.477705
-13.234514
-9.951519
-11.735252
-11.419247
-7.317007
-10.007554
-11.795885
-13.42867
-11.932351
-11.218368
-10.920835
-10.206755
-10.261669
-13.329646
-11.691103
-11.3246
-8.990109
-11.840126
-12.004163
-12.410718
-10.48006
-16.247375
-13.772801
-15.4846325
-11.94975
-16.353685
-12.4205265
-15.175027
-18.63397
-27.242844
-22.387503
-14.285001
-9.395386
-10.686797
-21.47504
-28.309032
-21.395384
-11.634972
-7.7797155
-15.667845
-23.250065
-28.021551
-15.191552
-16.76218
-11.759299
-25.02512
-15.569077
-22.725616
-12.887974
-25.01441
-16.896336
-22.031393
-13.8471365
-21.372587
-22.616991
-18.973385
-17.020819
-14.654186
-23.171087
-21.814405
-17.225567
-19.254368
-19.663963
-18.755453
-17.831188
-18.343193
-23.086014
-16.02538
-15.663964
-22.71349
-20.94504
-21.144903
-19.103722
-16.991962
-14.777141
-12.648321
-19.417463
-27.43981
-13.527842
-14.576917
-18.26926
-24.46131
-18.864204
-18.17787
-17.537823
-18.627247
-16.666557
-20.476954
-18.062468
-17.054306
-20.785517
-25.712496
-25.002062
-17.656633
-5.830346
-12.395301
-15.023889
-17.171444
-12.757942
-11.7412815
-8.712405
-9.327482
-12.609481
-11.658334
-9.681975
-8.860724
-9.027154
-10.733938
-10.422525
-8.589554
-10.300965
-10.888845
-6.9804363
-9.279458
-8.13692
-11.512322
-9.945552
-8.131098
-9.743792
-10.168144
-14.252512
-7.9726467
-10.54865
-6.9950886
-12.621015
-8.675962
-11.859438
-6.7541323
-12.125297
-10.126254
-13.855607
-10.859283
-10.525864
-10.84679
-10.415006
-7.975937
-10.650097
-12.234805
-11.752301
-11.67335
-10.186701
-11.745843
-8.757857
-9.663671
-10.698505
-10.521964
-12.011152
-9.05063
-10.711737
-10.075167
-10.115877
-9.2541
-11.2293625
-9.281561
-12.126653
-8.665384
-11.375823
-8.1024275
-11.389164
-22.318895
-29.614735
-22.942156
-4.628954
-2.3295727
-9.033583
-33.328163
-35.35489
-19.660912
-0.5739088
-1.3848763
-18.214525
-33.321426
-35.708412
-11.221236
-5.0426407
-7.714078
-31.681763
-30.19262
-30.999002
-9.979128
-13.278595
-8.246558
-23.73547
-22.828983
-31.615486
-24.185112
-9.355224
-6.7904882
-12.815338
-32.064484
-32.6026
-19.634348
-15.24548
-16.602005
-23.250645
-25.191795
-23.14473
-23.168413
-15.289768
-14.9063225
-24.123322
-24.343876
-22.677616
-20.229265
-16.34708
-16.939505
-14.034654
-24.009893
-26.82686
-15.817492
-12.165961
-18.414766
-19.736483
-20.63087
-19.715496
-22.503222
-17.59956
-19.19837
-18.376547
-20.168549
-17.140242
-20.220596
-23.65041
-24.026058
-19.124655
-7.323765
-10.71755
-13.774127
-16.279078
-12.31825
-12.348867
-9.191033
-9.440286
-10.166803
-11.385727
-10.714767
-10.350362
-8.916541
-10.297271
-8.239278
-7.1499662
-10.7916
-12.681903
-8.466796
-10.810838
-6.8836365
-11.432365
-8.43077
-8.338393
-9.789623
-10.845293
-12.75231
-8.067369
-9.648435
-7.0195303
-14.238474
-9.6012945
-12.244292
-5.9428015
-11.48858
-9.037369
-13.8110695
-11.047437
-11.442712
-11.310478
-13.282648
-6.145115
-10.203963
-12.100032
-14.210178
-12.800878
-10.8757515
-10.785053
-10.366649
-10.750713
-12.029306
-12.06349
-11.641776
-9.274489
-11.607415
-11.008282
-11.259737
-10.554939
-11.481249
-8.174144
-14.346481
-11.318576
-15.020662
-9.485608
-12.077458
-16.948214
-23.870184
-19.369356
-9.687262
-9.424302
-15.995959
-25.995052
-26.073164
-17.041187
-11.0612545
-8.144598
-19.71255
-22.081583
-22.953434
-13.15687
-16.571997
-15.837653
-24.974602
-17.535557
-20.300226
-14.877932
-23.547888
-17.568424
-18.181965
-16.78847
-21.207115
-24.301252
-18.53387
-18.167347
-16.521475
-20.614595
-19.789974
-16.901731
-21.957722
-24.291578
-20.727789
-18.453468
-18.162807
-21.626564
-16.755672
-20.288265
-27.143827
-21.235552
-19.50725
-19.128723
-16.949879
-18.398434
-13.835895
-20.747395
-21.89254
-17.35826
-15.191988
-18.79317
-18.68192
-17.134346
-20.737974
-20.588816
-18.34298
-17.140219
-17.808815
-15.752406
-16.104212
-24.29084
-21.774569
-26.443693
-18.523394
-8.944938
-13.399169
-18.244093
-19.965984
-13.454653
-11.709551
-8.003538
-10.326038
-13.910862
-13.7368355
-10.588288
-9.61771
-9.850969
-11.022711
-10.211618
-9.723521
-10.754914
-13.525074
-6.6997433
-9.302581
-10.733574
-13.485013
-11.007701
-7.371463
-9.987481
-10.596062
-14.811258
-9.264444
-10.151695
-7.6726227
-13.902539
-8.933864
-12.665814
-6.0059996
-12.26737
-9.572871
-14.119935
-10.00254
-10.954869
-11.816665
-12.161342
-6.940674
-6.8442593
-8.411313
-11.062939
-8.945695
-8.561848
-10.392365
-7.4347286
-7.645837
-9.084477
-10.694249
-11.215714
-9.504126
-9.774022
-10.758867
-7.308337
-9.042729
-11.467226
-11.631276
-14.248212
-8.022927
-11.329164
-8.40884
-12.621353
-21.358055
-23.861763
-18.71493
-7.8457165
-10.943059
-15.676023
-28.13433
-25.293633
-18.661118
-10.964148
-11.984336
-21.412218
-22.786432
-20.825216
-13.032749
-17.918163
-20.75161
-25.522015
-17.131372
-16.72703
-15.241598
-24.8849
-21.578487
-18.830091
-15.724082
-18.970833
-24.349714
-20.682919
-18.219522
-19.2091
-21.860592
-21.866333
-18.097664
-21.149189
-22.704435
-16.15757
-18.35315
-21.135994
-22.958824
-18.050562
-20.058249
-23.934832
-21.645529
-16.821163
-21.780777
-18.81033
-18.844604
-14.09261
-18.319939
-21.939638
-19.194164
-17.42264
-19.716099
-19.190557
-15.844923
-18.449507
-22.191017
-16.102383
-18.07052
-19.11756
-18.503536
-17.508492
-23.414751
-19.588057
-22.397758
-14.456374
-9.699697
-16.430775
-17.348816
-17.973446
-12.532392
-12.627928
-10.014002
-10.157702
-14.877441
-13.64698
-8.15933
-9.184202
-11.391729
-10.774863
-11.424055
-7.499795
-12.750657
-14.5443125
-8.103965
-9.804381
-8.574936
-12.086469
-11.058662
-9.245076
-12.2372675
-11.896816
-14.441504
-7.894309
-9.495199
-7.1669245
-14.653637
-10.204469
-12.4958105
-5.834939
-11.7593355
-10.489595
-14.55076
-11.25982
-11.657934
-11.174277
-10.998523
-5.5278797
-7.00307
-8.331881
-12.039471
-8.565695
-8.935806
-9.225496
-8.368761
-9.25905
-11.696163
-11.176745
-10.905544
-8.1561775
-9.293665
-11.875827
-10.080243
-9.373452
-12.40833
-11.168903
-16.815304
-9.389006
-11.990893
-7.655345
-12.232516
-16.9274
-23.134802
-19.188736
-11.475767
-11.610534
-12.250351
-20.574965
-20.561869
-17.366169
-11.90437
-12.590476
-23.47782
-21.224236
-23.817814
-12.774179
-19.737656
-17.287107
-24.796904
-15.570868
-19.913042
-15.347721
-25.374512
-18.300251
-19.043467
-17.067537
-20.967564
-26.60833
-19.805847
-17.501966
-17.855114
-19.594889
-20.199778
-17.398848
-22.52597
-25.37793
-20.200144
-19.139149
-18.40973
-22.08342
-18.634888
-20.35086
-24.701103
-20.239452
-19.728664
-22.409445
-18.640606
-18.3031
-13.445436
-20.428999
-23.771257
-18.32081
-15.9034605
-16.886253
-17.731495
-16.124132
-19.726843
-22.586658
-15.845217
-15.877988
-18.653372
-20.535416
-18.712078
-23.22252
-19.971237
-21.057701
-17.895895
-9.330618
-15.564624
-18.9435
-18.67036
-14.189739
-13.113076
-9.283228
-7.9258823
-13.072843
-13.623627
-13.101894
-10.179565
-7.9558353
-8.684388
-9.33239
-10.638924
-13.13068
-13.535603
-7.734397
-9.76873
-8.533489
-12.094912
-9.378001
-8.958487
-10.390339
-10.0602045
-13.975298
-8.81444
-12.178765
-8.490999
-15.639035
-9.137921
-12.340357
-4.959406
-10.760616
-10.353577
-16.264452
-12.162544
-10.656531
-11.8805485
-14.057845
-8.430999
-8.074231
-7.9730453
-9.276909
-8.217478
-9.696696
-11.263277
-8.834902
-8.888769
-10.4936075
-10.852724
-10.380893
-9.1050825
-10.343879
-11.718196
-10.311172
-9.864644
-11.031965
-12.135624
-14.87809
-9.818345
-12.96672
-9.728786
-12.839474
-18.547276
-21.430616
-17.85655
-8.613986
-8.749902
-12.9319515
-23.976719
-23.906862
-18.0297
-11.497812
-11.026535
-20.143763
-22.080706
-23.708363
-14.212333
-17.008583
-16.80606
-25.06112
-16.166742
-16.81154
-15.121913
-23.753448
-20.56186
-22.522102
-14.34677
-18.26817
-23.278543
-21.214773
-19.33613
-18.972218
-19.566858
-17.880032
-15.312184
-21.874434
-27.340763
-23.873674
-20.675947
-15.504991
-19.541487
-15.7458105
-21.610962
-26.91606
-22.69653
-21.482357
-20.018476
-19.038494
-18.367754
-15.756669
-20.138832
-24.048689
-15.702815
-15.1963625
-19.048573
-18.457115
-16.145168
-17.841064
-24.039896
-20.119766
-16.38456
-16.34346
-17.258066
-15.401059
-22.236164
-22.901327
-25.873156
-18.25801
-7.4120016
-12.280297
-18.475195
-18.731226
-13.771586
-11.857664
-10.4529
-10.27567
-11.195206
-11.54023
-12.579133
-11.202744
-11.000606
-10.431605
-8.863209
-7.228306
-11.494884
-12.962644
-8.158297
-8.386296
-7.7406836
-13.3410425
-10.020285
-9.934645
-9.22057
-10.96243
-13.1059265
-10.136013
-11.868184
-8.266164
-14.680839
-10.663161
-13.747606
-6.8173018
-10.7204075
-9.922324
-13.146216
-12.796015
-11.531977
-11.941936
-11.717691
-7.777519
-6.4095926
-8.412724
-10.699228
-9.730938
-9.862833
-10.162343
-7.352192
-7.486458
-7.8335667
-11.1540575
-11.666949
-8.495511
-9.086236
-9.297729
-7.6896353
-8.47814
-9.182095
-12.712825
-15.797193
-9.850732
-10.918327
-6.7450504
-10.551956
-15.102446
-23.510263
-18.103535
-7.844511
-7.191434
-14.77644
-24.916647
-27.100767
-17.756153
-11.674133
-7.991211
-21.930681
-22.447184
-25.73557
-11.770529
-14.817346
-10.823563
-29.538567
-21.481718
-23.078876
-10.993005
-21.054653
-18.95615
-24.264574
-18.308395
-19.614105
-19.594036
-20.306162
-20.244781
-19.657084
-24.168797
-20.682167
-16.578188
-18.820076
-23.659843
-26.740349
-19.42938
-19.493757
-21.54286
-17.293798
-18.70253
-22.559298
-25.397947
-22.667677
-17.47572
-18.61615
-18.236042
-17.56885
-20.467253
-23.218912
-20.702356
-15.858146
-16.240192
-20.41142
-20.078966
-19.3299
-22.773264
-24.2305
-15.560275
-16.070868
-18.91029
-17.330927
-21.936613
-25.079126
-25.426254
-28.001875
Done. Our total time was: 67547ms
Samples per timestep8
ave frequency = 15.8260174397086
Target frequency = 15.625
alpha filter = 0.5
Kp = 0.05
Ki = 0.005
Kd = 0
--------
0.040631294
1.8005886
1.0934434
2.1599422
3.702643
3.6402926
5.055891
4.3728685
2.0029006
0.4994321
5.266711
6.7891936
3.7428102
5.342574
4.7232037
1.9258857
0.32762098
3.8757672
4.1000447
1.9077387
-0.40229416
-0.14346123
0.007240294
0.074850075
0.023306372
0.3275547
0.39453363
0.5717268
0.5070491
0.5326066
0.33655977
-0.23365402
0.12907791
0.272676
0.47309446
-1.0547113
0.41031837
-2.376482
-2.080101
-6.83196
-15.679808
-13.722071
-19.80383
-20.812513
-25.948305
-25.32537
-27.023237
-27.274752
-29.195498
-30.964643
-32.480667
-26.591564
-32.81862
-27.82488
-29.571892
-25.730001
-31.672356
-26.486666
-30.004436
-29.51139
-30.617668
-30.678497
-28.815372
-31.29375
-24.312489
-19.54352
-18.113935
-17.28582
-14.15901
-14.68265
-11.369869
-10.129746
-8.50081
-7.230451
-5.3011427
-4.773501
-2.4158378
-4.3283424
-1.5656261
-2.2887526
-1.8189578
-0.3030367
-1.8625655
-1.3813915
-2.6082878
-2.5604277
-3.249732
-1.2621512
-0.85318947
0.41766548
0.6871152
0.8236551
0.47018433
0.6029234
0.035228726
0.26920652
0.4098897
-2.1493406
-0.9685626
-3.1740017
-9.94946
-7.1130705
-12.451823
-15.142444
-14.330727
-24.22082
-19.677078
-24.921574
-24.760084
-26.363071
-28.705507
-29.9916
-31.709421
-29.248976
-30.890053
-32.9044
-30.015766
-31.530577
-27.712345
-30.752575
-27.916168
-30.950935
-27.165344
-29.57004
-27.614395
-29.910751
-30.095787
-27.832624
-31.2682
-27.549444
-18.629057
-19.176132
-17.674921
-14.120869
-15.726879
-11.411592
-10.761888
-8.64518
-9.469357
-5.6674657
-5.8663125
-3.976851
-4.43233
-3.4010053
-3.3506632
-2.3608665
-1.5115247
-2.4632974
-2.7829247
-3.0644197
-2.9847322
-4.638205
-2.7225432
-2.2268324
-0.123931885
-0.7343755
0.11305094
-0.14190912
0.15628672
-1.1181598
-0.49585676
-0.6366472
-2.0158973
-2.8865695
-3.244598
-13.099992
-9.58014
-13.2069235
-15.560731
-16.80188
-23.707943
-19.114246
-23.885881
-23.25274
-25.542887
-28.881527
-27.452682
-30.364109
-28.31185
-30.530025
-31.624374
-31.20571
-31.56532
-27.066692
-28.96825
-26.945442
-31.404787
-26.244617
-29.89575
-27.27383
-29.888088
-31.575125
-28.256626
-31.72399
-27.979654
-16.989704
-19.654388
-17.821186
-14.972726
-15.670135
-12.494337
-11.272783
-9.30003
-10.816114
-6.552773
-6.862219
-4.3776107
-6.041265
-4.8578944
-3.5100021
-3.1245685
-0.70659685
-2.5821462
-3.675274
-3.2809596
-3.121254
-4.5599008
-2.5575042
-1.9806414
0.15154505
-0.27178526
0.8462591
0.80175495
0.96947956
0.6249852
0.6074481
0.2782693
-2.556481
-0.15619326
-2.2967548
-10.194991
-8.167526
-8.412474
-17.271975
-13.264503
-23.505577
-22.083654
-24.118288
-27.001799
-22.796562
-28.226698
-25.666277
-31.130344
-29.966639
-33.067986
-27.669188
-31.614586
-30.728354
-30.310532
-31.03885
-26.019192
-30.27529
-28.589777
-29.921598
-26.907928
-31.661768
-29.470379
-29.70328
-33.33675
-29.63091
-18.744724
-21.3704
-18.11716
-16.859755
-15.456183
-13.548631
-12.802493
-9.762789
-10.753798
-7.649227
-8.001789
-5.4505105
-5.563203
-4.829656
-3.0785017
-4.440084
-2.0344958
-3.0906153
-3.7652922
-2.2430983
-2.5682735
-4.623196
-2.321679
-2.3037086
-0.39769268
-0.35847235
0.12458849
-0.05540895
0.9977484
0.48355913
1.0177932
0.0077037807
-0.85667086
-1.5021982
-1.6655078
-6.689295
-8.94448
-8.374679
-17.12615
-13.345647
-20.878347
-20.658863
-22.70785
-25.637104
-23.724043
-29.521317
-24.704166
-29.3221
-27.996466
-33.49205
-28.693285
-31.354406
-30.025309
-31.07831
-29.99312
-26.287737
-27.441547
-0.3729496
-5.217389
-4.579545
-4.66946
-2.4688468
-3.593872
-0.8266077
-3.1571374
-3.1199193
-2.970343
-2.5177422
-5.453817
-3.958435
-6.178182
-4.842973
-5.8227158
-5.313733
-3.9815807
-7.0738006
-8.086231
-9.190764
-8.17471
-10.448142
-9.004419
-9.04486
-7.493358
-8.437634
-7.07984
-7.387316
-7.5030565
-9.605889
-7.90819
-7.1539516
-17.245485
-14.441729
-17.765345
-22.996443
-20.085678
-22.395847
-21.052912
-18.171913
-23.42573
-18.11129
-21.975954
-19.539728
-24.37206
-24.748648
-24.79245
-24.59693
-23.61197
-24.983513
-26.584028
-22.675848
-25.698442
-20.854765
-23.685053
-20.810211
-22.061613
-15.389437
-24.266214
-20.658985
-20.978472
-23.934874
-21.744814
-26.97037
-18.927084
-14.24251
-14.077083
-12.494283
-9.737287
-10.389254
-6.9650493
-7.70712
-5.0562153
-5.0709066
-4.467573
-5.814406
-4.8309646
-7.2225666
-5.4625974
-6.1125507
-6.2679653
-5.2720165
-7.069611
-7.612104
-8.429418
-8.455684
-9.494022
-8.187466
-8.337962
-6.644331
-6.8869586
-5.8173733
-6.7593083
-7.2656803
-8.711054
-6.8141007
-3.4599943
-12.2620325
-12.397796
-18.905819
-23.524672
-19.000322
-22.011473
-21.421515
-18.62188
-25.45833
-21.049717
-25.055996
-21.5518
-25.182608
-26.83981
-26.71742
-24.641258
-24.542
-25.559956
-26.380894
-22.873638
-24.421724
-22.164564
-23.200897
-18.648098
-24.889683
-18.77618
-21.616266
-22.675045
-21.160368
-24.120794
-19.84277
-25.741901
-20.835888
-13.5268135
-14.209657
-12.295399
-9.1382675
-10.977944
-7.3678565
-8.185734
-6.7156367
-6.4776797
-3.421019
-5.562672
-5.0744934
-6.9533277
-5.5121374
-5.9654784
-5.805464
-5.0522156
-7.0162463
-7.1380615
-8.712572
-7.71692
-9.090926
-7.5549507
-7.7620473
-6.0509453
-6.9364886
-4.6613927
-6.1050773
-5.4926763
-7.801619
-5.828626
-4.190251
-13.909738
-14.421958
-16.152393
-25.032179
-19.706343
-20.887135
-22.340647
-21.541927
-24.51599
-21.526205
-25.890356
-23.518192
-23.087646
-26.014595
-23.701334
-26.725592
-22.813583
-27.700117
-26.333832
-24.89575
-24.999903
-20.535633
-23.349073
-19.173191
-25.251099
-19.180609
-21.416908
-20.187323
-23.080372
-24.235338
-20.423513
-26.392183
-22.621527
-14.187159
-14.070257
-12.284203
-9.132664
-10.949937
-7.3466573
-7.3993554
-6.1476293
-5.409732
-3.533145
-5.986684
-4.0897756
-6.680187
-5.6206164
-6.084358
-5.9755087
-4.7443757
-6.7061634
-7.7012496
-8.384944
-7.2211576
-8.329354
-7.4674516
-6.960869
-5.990746
-6.666781
-4.6348815
-6.3591924
-6.4630365
-7.737771
-6.4765544
-4.0968904
-12.726633
-13.893978
-17.598015
-23.657259
-19.446507
-21.79998
-22.222136
-19.761925
Done. Our total time was: 29978ms
Samples per timestep16
ave frequency = 7.87243978917873
Target frequency = 7.8125
alpha filter = 0.7
Kp = 0.01
Ki = 0.005
Kd = 0
--------
-20.17233
-0.32646608
-0.42876053
-3.1439967
-7.379055
-10.334655
-11.979539
-15.724631
-18.788984
-15.859228
-21.607517
-18.035887
-15.7417145
-19.786245
-22.685894
-12.064284
-13.793014
-9.75894
-9.495898
-7.9766436
-7.2279243
-8.567169
-7.0023336
-8.40849
-9.698707
-10.010218
-9.39609
-9.497624
-11.449858
-9.552638
-11.180525
-10.679612
-10.609871
-11.944624
-11.652111
-11.904412
-9.658454
-11.53681
-11.033107
-11.378909
-10.821719
-10.645039
-10.957509
-11.4074745
-11.662674
-10.72305
-10.409514
-13.362894
-25.327621
-20.723808
-20.544981
-17.214136
-13.450033
-19.934275
-17.82337
-20.276995
-23.467047
-19.577879
-22.721294
-18.20532
-21.448355
-19.07599
-22.310778
-19.761522
-21.61849
-20.841856
-22.983255
-17.666767
-22.006203
-17.586355
-15.928766
-16.161505
-18.348358
-17.186285
-18.609886
-19.72619
-20.039368
-22.766691
-19.544888
-20.874702
-14.031171
-12.319755
-10.070525
-8.863843
-7.609461
-7.884207
-7.5527983
-8.6336975
-7.9509478
-8.366389
-9.376679
-10.037917
-8.626328
-10.380305
-9.109597
-10.473672
-10.248941
-9.118997
-11.263009
-11.773285
-13.036145
-10.872256
-11.733518
-10.669155
Done. Our total time was: 13122ms
Samples per timestep16
ave frequency = 7.92562109434538
Target frequency = 7.8125
alpha filter = 0.7
Kp = 0.01
Ki = 0.01
Kd = 0
--------
