0.39180565
2.7973785
4.608162
2.068367
3.3316536
4.4142513
1.8774681
0.40540314
-0.016880035
0.21267128
0.5524788
0.31181145
0.57258797
0.57517815
0.32700157
0.69218826
0.42547798
1.0926495
0.9507313
0.85378075
0.6894016
0.42476273
0.99824333
0.47335243
0.70960045
0.70121
0.7834873
0.83351517
0.5090389
0.45685387
0.9857521
0.01600647
1.3416595
0.3432865
0.66306305
0.8985405
0.3678341
0.48859596
1.1603241
0.6448059
1.07621
0.88433075
0.08549118
0.64253044
0.6203041
0.92123795
2.238945
0.43497658
0.3617897
1.0316868
0.31469727
0.8704262
0.47136688
0.7215271
0.8251705
1.4905376
0.50387764
0.74404144
0.86997986
0.8332596
0.8795891
1.215868
0.49183846
0.9538803
0.64697456
0.6004391
0.85269547
0.68966293
0.7581177
0.57909966
1.279314
0.30461693
0.819067
0.0032100675
0.7825451
0.4826641
0.3034973
1.655796
0.31297684
0.19780731
1.6114044
0.8325958
0.7355232
0.8565178
0.34263802
0.9275627
1.019743
0.39209175
0.7383404
0.7809715
0.673481
0.18832016
0.8800373
0.19779968
1.0168934
0.843071
0.25767136
0.8565197
0.86447525
0.003967284
1.1793308
0.14591599
0.7915859
1.0396881
-0.18875504
0.9977894
1.0013103
0.51047325
1.203043
0.24631119
0.5284939
0.7673359
0.6985855
1.2027893
0.7085724
0.8822117
0.6506157
0.21081161
1.2189388
0.48125267
1.3838863
0.8318653
0.6691685
0.28746796
0.5712738
0.29076767
0.99695396
-0.02909851
0.6847038
0.15501595
0.30851173
0.803648
0.73688126
0.6571083
-3.0555859
-0.83750725
0.32065582
0.07863045
-0.15867041
-1.7129593
-0.17876053
0.4485817
0.28247452
0.35561562
-1.1829414
-2.0330276
-0.4590969
0.036340714
0.3266201
-2.80801
-3.243904
-0.89813805
-0.40083313
-1.8025627
-7.1488686
-6.187891
-1.0340939
-3.6206455
-4.018017
-9.841574
-4.418541
-4.0819855
-8.308401
-12.404396
-7.9905014
-10.351393
-12.085476
0.20148465
0.7788162
-6.8612194
-6.121216
-5.640541
0.17348862
0.8264675
1.0242615
1.3215275
2.8827019
3.1849804
3.1663818
2.3468838
2.7374573
6.404972
1.4843292
0.76340866
0.25597382
0.5118027
0.38778305
0.5730343
0.46726036
0.546751
0.5775261
0.91975784
0.68990135
1.3179951
0.4772339
0.7748127
1.0659618
0.75255585
1.1543179
0.4996624
1.0342197
0.8127327
0.891613
0.7087822
0.5914993
0.95493317
1.0297298
0.28113747
1.573391
0.39883232
0.7034054
1.2156353
0.62234306
0.67954445
1.4420528
0.15434265
1.3161144
1.0545826
0.53347206
1.1372814
0.30273628
2.5698566
2.1566868
0.5794487
0.6318188
0.8926754
0.95292854
1.0512314
0.741848
0.7549763
0.945879
1.3103352
0.52168465
0.6248226
0.7010708
0.76802826
1.0827312
0.8550949
0.6541481
1.1004391
0.71652603
0.99990845
0.9227333
0.8422775
0.8127613
1.2711449
1.4753323
0.98516846
1.5520496
1.0582294
1.6262512
0.7645607
1.1705704
3.397709
0.14218712
0.8723278
1.3618469
0.5627346
1.3783913
0.7509117
0.47158432
1.0083923
1.051321
0.7466202
1.3772812
1.1030312
0.77319527
0.7175102
1.1016045
0.5210953
1.2345829
1.1194954
0.6838074
1.2447891
0.59409904
0.6083164
1.2686157
0.35612488
1.3948326
0.7339268
0.56258583
1.230133
1.0141621
0.86325264
1.7659206
0.48215675
1.4526024
0.6659832
0.7656441
1.2395954
1.0065193
1.2690506
0.34671974
1.0515728
1.0993423
0.65584755
0.91825867
0.80111885
0.4502735
1.349062
0.9315033
0.8032398
0.9206848
-0.11741638
1.3552265
0.7460995
0.8628254
0.77088356
0.8599644
0.5320873
-2.3567047
1.0540352
0.26827812
0.34511375
-0.3865204
-1.2275085
0.4419651
0.71016884
0.2784443
-0.9488106
-2.074482
-2.0976582
-0.21240807
-0.25413513
-1.8228664
-5.456684
-2.7930222
-1.4626751
-2.8019505
-6.0955753
-8.134943
-4.4534245
-2.6631336
-6.599432
-9.620981
-8.926929
-5.5314484
-7.7403545
-13.375647
-10.199331
-9.91193
-13.537249
-7.4834366
0.7272568
-4.5692196
-8.158886
-7.116291
-4.5664196
-2.3580303
-0.74180984
-2.6568203
0.70640564
1.2382717
2.2850685
1.0830536
1.8366432
2.5783768
3.8554382
3.6012917
3.5879383
3.6369991
5.7441444
3.4674015
0.60009956
0.53572464
0.55148125
0.86709785
0.32829666
1.0148296
0.7141113
0.87839127
1.0661869
0.88908195
1.3794594
1.012598
0.6955986
0.8530922
1.1569366
1.1837463
0.70851135
0.7028332
1.4446487
0.6337681
1.9743023
0.9013157
0.7790375
1.36166
0.7964287
0.71089935
1.5314426
0.11788751
1.4235306
1.0892601
0.3602314
1.0009689
0.51013756
2.6968346
2.5566196
0.7654495
1.0192852
1.194418
0.47590637
0.64393425
0.9039955
0.68022156
0.95978737
1.1903896
0.6349373
0.87892723
0.9748516
0.8394947
0.8294716
1.0397644
0.8508301
1.2779789
1.1761303
1.1982307
0.5008297
0.89185333
0.6876602
0.86017036
0.9477005
0.9747124
1.376194
0.46746826
1.2492313
0.45871162
0.931057
2.7623177
-0.009597771
1.1514816
0.9308872
0.6000843
1.4476871
0.86269
0.5041332
0.9714756
1.2610798
0.5812378
1.2773361
0.98109245
0.5098839
0.8223133
0.73552513
0.5512829
1.3024559
1.1800575
0.69986725
1.0639229
0.3059044
1.252821
0.96707916
0.58974266
1.6535969
0.45386314
0.6845894
1.1417103
0.5788269
1.2584286
1.0447655
0.7832451
1.2694664
0.4330635
1.058981
1.0717392
1.0251331
1.0022583
0.393013
1.0094051
0.8372021
1.468626
1.2465229
0.7401638
0.8993225
1.5079346
1.07798
1.4369392
0.87107277
0.966959
1.34095
0.63056374
1.345377
1.2462692
0.7267437
-0.7971611
-1.8646145
1.0508175
0.6246853
0.39957237
-1.6803703
-1.6589527
0.564003
0.6715183
0.33379936
-0.4161148
-1.8613605
-0.70685196
0.45906258
0.60100174
-1.5131569
-4.6665
-0.7141113
-0.41399574
-0.28822327
-4.900717
-6.73044
-3.683815
-2.2239647
-3.6900787
-8.6021
-6.0538235
-3.5659237
-5.75622
-13.0415745
-9.512203
-8.786789
-11.586052
-4.2715645
2.0884476
-4.3571014
-6.8000927
-5.1992283
-2.880022
1.5949898
0.7545719
0.2839508
1.8406582
2.4544888
3.8035889
1.6506252
2.058176
2.9877586
6.5162106
5.0813713
4.82358
4.9242706
7.194565
6.1057167
0.88376045
1.040411
0.38454628
1.35783
0.6176472
0.8180504
1.1101494
0.7826996
1.1854706
0.9199352
1.3504868
1.5843811
0.9834099
0.82662964
1.0435448
1.1546612
0.9977741
0.729311
1.6039333
0.5915623
1.38233
1.2533646
0.7107296
1.4051361
1.0382786
0.55921364
1.3719997
1.1962662
0.8286457
1.4401817
0.7702236
0.84666634
1.1327648
0.8274479
3.2262058
0.900404
0.78087234
1.409317
0.7441063
1.4183655
0.8793316
0.883337
1.0152283
1.2092323
0.8919563
1.0499516
0.69252205
1.3250599
1.1848526
1.2743721
0.54000664
1.2550049
1.004818
0.90374184
1.0204754
0.93979645
1.0006714
0.79403114
1.1719875
0.64865303
1.2002583
0.57076263
0.9369793
1.2844658
0.7898159
2.5389347
0.16532516
0.556448
1.682806
0.6483898
1.0763454
1.3926716
0.5466156
1.2089977
1.3227596
0.8141422
1.0140629
1.1174641
0.7716408
0.73130417
1.6788406
0.69371414
1.3251038
1.3696003
0.8459091
1.4967594
0.7473602
0.86138535
1.6294556
0.69182014
1.3003483
1.1208153
0.52907944
1.2807217
1.0010643
1.067646
1.7824326
0.5852375
1.0550442
0.8997078
0.8977814
1.4412441
0.59046364
1.2849121
0.5851612
0.93829346
0.95732117
1.0031719
1.1323051
1.0217972
0.7190933
1.3268585
1.0523205
0.94145775
1.639719
0.50172806
1.0443745
0.76075935
0.78162384
1.1493568
0.66205597
0.8755684
-2.7150211
0.52830505
0.57432747
0.5432701
0.46484184
-2.9521198
0.36676788
0.9414654
0.6944256
0.5928669
-3.2901497
-1.338047
0.04982376
0.38326263
0.1262455
-3.9092407
-3.4816551
-0.64886665
-0.14639664
-3.054123
-5.7708893
-6.725357
-1.4030113
-6.489025
-4.3097916
-7.7842007
-3.393818
-4.4563427
-10.344383
-12.30904
-8.93174
-10.616701
-10.214245
-0.8926678
-0.7420655
-6.487488
-6.125799
-4.846182
0.45762825
1.555296
0.29071045
0.4974136
2.426136
3.5542164
2.9115353
2.740879
2.6294308
4.071392
7.2248535
5.005226
5.2787685
6.285673
7.813959
1.8845158
0.7094593
0.6415119
0.8268223
1.0132599
0.74056435
1.2534657
0.96144485
1.3292046
1.1052094
1.0146255
1.9264355
0.8931713
0.91874886
1.1768112
1.0275288
0.87059975
0.8115711
1.0268097
1.1717339
0.44175148
1.5562401
0.36919785
0.97802734
1.2249241
0.62101746
0.73192024
1.4888916
0.49627113
1.6551476
0.8872776
0.4790783
0.9385586
0.702507
2.1895828
1.3007545
0.6024647
1.1009483
1.030323
1.2580261
1.0331497
1.0489254
1.0593815
1.1927433
1.2268639
0.67160416
1.0254326
0.8409138
0.9956131
1.1553478
0.9600735
0.86426735
1.2636166
1.1046524
1.0020409
0.82442856
1.0614166
0.7202072
1.2920704
0.79364204
0.84482765
1.9067078
0.83182526
1.5451012
0.7640419
1.3526001
3.0096512
0.09323883
1.9530582
0.90263367
0.47225952
1.2497768
0.7810459
0.3990593
1.0148201
1.3586788
0.41781998
1.6178207
0.9126644
0.82128334
0.9479618
0.9801445
0.5807495
0.9912281
1.0521698
0.6023941
1.2796288
0.3664627
0.96102905
1.1482582
0.74791527
1.5966759
0.9243851
0.7098808
1.2666988
0.6641388
0.7488518
0.99656487
1.0318832
1.1427917
0.42284012
0.8923073
1.1300621
0.69023323
1.371273
0.20976257
1.0829906
0.9069195
1.039259
0.87470055
0.8867607
0.1608944
1.3644009
0.8933506
1.3015137
1.2981339
0.10268784
1.1035805
0.4869461
1.0400333
0.57733536
0.98524284
-1.1696835
-1.1549702
0.91252136
0.5182648
0.670475
-0.23296547
-1.4356651
0.75462914
0.9733372
0.59292984
-0.8590908
-2.3963528
-1.3792114
0.11305046
0.39681816
-1.221365
-4.6426163
-1.5848484
-0.54432297
-0.8073044
-4.357256
-7.471878
-3.09824
-2.4896717
-5.452629
-7.4381866
-7.047949
-4.189417
-6.1120243
-13.430843
-11.746216
-9.742882
-11.994722
-5.3023205
2.6908264
-3.7662983
-6.633316
-5.7949123
-2.4130535
-0.015094757
-0.8431816
0.14146614
1.8473415
2.0858498
1.30019
0.040603634
2.0127087
3.740368
3.6596088
2.7501564
2.968254
3.7396984
6.14019
7.9335766
6.4179916
6.0526924
6.382059
4.5773296
1.0489807
0.81339264
0.7754307
1.0947285
0.88490486
0.87200546
1.2255077
Done. Our total time was: 42569ms
ave frequency = 21.1421456928751
Target frequency = 20.8333333333333
alpha filter = 0.2
Kp = 0.015
Ki = 0
Kd = 0
--------
1.3139381
1.0913925
1.1456108
0.65395355
0.9172268
0.93782234
0.8276768
1.1975765
0.8204899
1.5943031
0.6252785
1.101593
1.0273609
0.81471634
2.9858837
0.8586941
1.0255222
1.4808846
0.6037979
0.9723606
1.110199
0.61693
1.0219898
1.1347141
0.6758442
1.4223671
0.98794174
0.5681648
1.0494385
1.1638451
0.71809006
1.1507454
0.99975777
0.52059937
1.2200489
0.37078476
0.90857697
1.2909966
0.596817
1.4882927
0.93084717
0.9743767
1.2752819
0.66043854
0.62246513
1.3631287
0.48591232
1.5953636
0.92170906
1.4318085
1.302906
0.93437004
1.5422077
0.3751335
1.0862293
0.8176155
1.4022865
1.6317787
1.0860004
0.2728634
1.109499
0.40680504
0.48456955
0.87324905
0.2716999
0.645195
1.1410007
1.2140465
1.1457825
0.72940636
-1.8546886
-4.3206825
-0.12213516
-2.7329407
-0.61590385
-4.1399784
-2.667225
-0.53733635
-0.38007736
0.15688896
-1.9261589
-2.715397
-4.8251667
-0.5445118
-1.3336105
-2.432167
-6.0464687
-3.8350048
-2.2106361
-1.1419678
-5.378214
-8.160973
-6.694525
-2.487646
-6.2203255
-8.355331
-9.51079
-4.891739
-5.8008556
-11.81027
-11.929644
-8.8582115
-12.46006
-8.074387
2.7662544
-0.020401
-6.2038956
-5.5981426
-4.9739113
0.4186859
-0.9524441
-0.591074
2.038702
2.1330223
2.8865871
0.89544106
0.2252846
0.2279892
4.2062054
4.6624584
3.8967686
2.869299
4.4527054
6.6397743
7.711811
4.75498
4.8761387
4.7572784
5.3007812
0.8234539
0.7707977
0.69545364
1.1321487
0.66939354
0.933403
1.0030594
0.9004364
1.0547218
0.92147636
1.0288868
1.1414776
0.87560844
1.533575
0.70360184
0.24355696
1.6016064
0.5746784
1.0048542
1.0308151
0.42248726
0.8112297
1.6875114
0.5112953
1.3891869
0.8831482
0.51071167
1.3542919
0.85238266
2.3942394
1.4566975
0.75289154
0.8101444
1.236393
0.93437576
1.1011066
1.0344753
0.8355255
1.0382557
1.1201992
0.69979286
0.7358532
1.106535
1.0681267
1.096159
0.97205544
0.7648964
1.1040707
0.7882786
1.2017326
0.86159706
1.1105957
1.026516
1.2440739
1.0053539
1.2025013
1.3725853
0.58371925
1.077631
1.0115013
0.95596504
2.5478916
-0.036891937
1.1009312
1.1857758
0.69815636
1.4527225
0.3936901
0.60121346
1.2067509
1.2920551
0.6371765
1.2998905
0.85134125
0.6743927
0.942749
1.3294163
0.5716934
1.174633
1.1335945
0.6449051
1.3323975
0.6419487
0.9324684
1.2610073
0.3456478
1.533432
0.7086563
0.73690605
1.2664413
0.67780685
0.89254
1.6971073
0.5373173
1.4624195
0.4244995
1.0047989
0.98020744
0.55434036
1.108223
0.44947624
1.4804459
1.0307846
1.2901707
1.2570896
0.92238617
0.54138184
0.7706356
0.58018875
1.0085545
0.7703228
0.14712334
1.0479279
0.2731228
1.1375561
1.0902176
0.7859535
-0.4493599
-3.3713093
-0.03278351
-0.9325237
-0.36310387
-5.132181
-2.0734367
-0.13806725
-0.066820145
0.0054969788
-4.395155
-5.3964233
-4.567009
-0.7925186
-1.5892353
-4.494478
-8.185005
-4.429634
-2.85182
-3.2078686
-6.580147
-9.882515
-3.8682842
-4.3010464
-7.7189007
-13.415573
-8.968962
-6.183323
-9.060823
-13.919399
-12.45676
-9.4119
-12.774895
-7.067129
1.9624538
-4.790083
-7.480488
-7.401716
-4.847639
-2.7526608
-1.7786255
-3.4370537
0.50226784
1.2929192
2.5843277
-1.9297371
1.2552776
1.0832214
2.894207
1.9093761
2.4238052
2.1121235
3.8589306
4.232546
5.0950584
3.249384
4.8415737
3.9609356
4.863474
0.63557434
0.6440315
0.78956795
1.0028648
0.6850586
0.9787502
0.888937
0.95700264
0.880085
1.1195335
0.9655266
0.973814
0.8658695
1.7096901
0.60310364
1.3051014
1.4703636
0.44009018
1.6810226
1.2581482
0.78351593
1.1594887
1.1542168
0.5336666
1.4253387
0.6058235
0.4326687
1.0458927
0.54055595
3.1434822
0.86496353
0.55191994
1.1859856
0.9458332
1.0256977
0.9870987
1.3141975
1.1135826
1.3987331
0.80307007
0.8318939
1.4051857
1.1241512
0.6025982
1.1886196
0.8970833
1.2437401
1.4462223
0.9790058
1.3087082
0.5175915
1.1970329
1.1046524
1.4112282
1.10849
1.6386604
1.4825344
1.2332668
1.6654797
1.0562534
1.4591293
3.1054
0.395607
1.8683643
0.45474815
0.48895264
1.8038902
0.4978161
0.8548584
1.2344952
0.7202358
0.69163513
1.3319645
0.8128567
0.54981804
1.3156376
0.73335266
0.9616413
1.0755615
1.163496
0.9895096
1.6135883
0.52259445
1.6517868
0.90501595
1.1027794
1.5451031
0.83153725
1.2946472
1.3555717
0.74887466
1.4011688
1.1596241
0.5948105
1.4939079
0.4618206
1.2391949
0.90984726
1.5401554
0.82803917
0.606863
1.3382835
0.83540726
1.1498165
1.0993481
0.7785702
0.73859406
1.4039268
0.5786667
1.3826904
0.3990307
0.71051216
0.90304375
1.4809628
1.0717621
Done. Our total time was: 19794ms
ave frequency = 21.2185510760837
Target frequency = 20.8333333333333
alpha filter = 0.2
Kp = 0.03
Ki = 0
Kd = 0
--------
0.49731064
1.0916309
2.0423317
-2.2631264
-3.977789
-4.4419384
-1.2645454
-5.537487
-4.072838
-4.0236225
-0.69534874
-1.5439377
0.6549187
-2.0494328
1.3231564
1.2464218
1.9884701
0.6342907
0.58033943
-0.8391571
1.513876
2.4690628
3.4052696
3.4554958
-0.44806865
3.705391
3.2008514
3.8376884
5.728409
2.558052
3.6972618
2.295763
4.87352
7.1890106
3.3748589
7.5486164
5.0291595
4.255642
2.0044746
0.9592953
0.85879135
0.5656223
0.47724533
1.0738792
0.40599632
1.1901894
0.5514641
0.41410255
0.76026535
0.4197502
2.776329
1.1553307
0.53372955
1.1518517
0.95409393
0.9470711
1.0206547
1.2020054
1.0443668
1.3993912
0.9895706
0.84459686
1.2792377
1.0901756
0.9718895
1.3343906
1.078659
0.902935
1.3517857
0.9380512
1.3067265
0.8182659
1.0209427
0.9407902
1.3556671
0.87711906
1.0940132
1.0962944
0.67531013
0.94934654
0.682003
1.0605297
3.449894
0.31102562
1.3443699
1.0204926
0.5429535
1.5944538
0.7988949
1.0500107
1.3046951
0.94574547
0.7986584
1.2442379
0.94890594
0.63703346
1.1705647
0.8256111
1.0744877
1.1034946
1.0711002
0.7871151
1.0963993
0.21528053
1.2372112
1.0288849
0.47701073
1.3899727
0.32898903
1.0651264
0.940382
0.6070881
1.0444374
0.79130745
0.7630291
1.0691891
0.8087845
1.3698921
1.2601471
0.98246956
0.7163124
0.47150993
0.5853443
0.351017
2.2371578
0.8189068
0.8773804
0.43128014
1.9118862
1.1588669
-0.26976585
0.58213806
1.1045609
1.129694
-5.214203
-1.4469528
0.23924826
-1.7362728
-5.294382
-7.1757736
-5.1454086
-6.0680256
-3.3608112
-7.934246
-4.2355328
-4.421585
-1.3349457
-3.2233257
-7.595989
-9.65588
-5.746481
-2.4635391
-4.701441
-5.806549
-13.061655
-5.7329597
-5.6995525
-3.9833698
-8.230093
-12.026623
-8.199936
-7.959236
-8.425848
-11.745323
-8.289921
-7.79282
-10.3450985
-14.823744
-12.436548
-11.886988
-14.91983
-8.3652115
0.712368
-4.794668
-8.654139
-9.446785
-7.944021
-4.913925
-4.9707146
-5.7995453
-1.9317684
-3.075285
0.87416077
-4.441309
-0.89115906
-2.3069134
1.1265526
-2.901495
-0.1348648
-3.9948254
1.6039219
1.4344063
2.4699516
1.9818325
2.2549095
-0.9767246
Done. Our total time was: 9233ms
ave frequency = 21.2282031842305
Target frequency = 20.8333333333333
alpha filter = 0.2
Kp = 0.06
Ki = 0
Kd = 0
--------
1.5795612
0.8585777
3.3421612
0.33480263
1.2993889
1.5450325
0.53110504
1.51795
0.9011326
0.6913147
1.4433765
1.1197033
0.7708721
1.2365627
0.896513
0.7406254
1.1059151
0.6794281
0.62462807
0.81955147
0.5273018
0.7919464
0.99069977
0.59383774
0.7206726
0.6118889
0.46801186
0.8774452
0.32574272
0.7652645
0.8298931
0.15790176
-1.7647877
-0.31497768
1.671299
1.4469528
0.340353
-2.1342087
-2.1640358
-6.3434563
0.35742378
0.6561775
-0.21710967
-5.3452644
-8.19367
-5.3215694
-3.7311134
1.2148285
-2.0748425
-2.5238113
-12.012194
-3.6585217
-6.4292355
-1.6737347
-6.252777
-5.012289
-1.7205257
-3.76231
-11.042616
-14.466375
-12.343403
-12.1215515
-4.4568176
-6.575739
-4.5351677
-5.7515163
-4.744219
-6.6614456
-12.41943
-12.274847
-11.928251
-8.006056
-6.74794
-7.437355
-13.693853
-11.335505
-10.982681
-7.838789
-10.498131
-12.869795
-10.706226
-8.400715
-11.251472
-13.441896
-12.944134
-11.458834
-10.291485
-11.007029
-10.801893
-14.506786
-15.959118
-14.154667
-0.8162422
-2.8111515
-8.164122
-12.464378
-14.344099
-10.396288
-9.367338
-6.704918
-4.2781506
-4.3013954
-3.1542835
-7.9271927
-8.592827
-10.36096
-4.78829
-5.796976
-2.249607
-5.1394463
-2.710226
-3.8710556
-1.2164478
-7.457609
-5.6928806
-6.778723
-1.8959198
1.206995
-1.6742058
1.1852341
-6.699894
-2.140936
-4.506214
-2.4493217
1.5716438
-2.9134808
-0.33987424
-4.62014
1.0795803
1.7172832
0.55849075
2.8218155
-3.014822
-1.1660709
1.0435429
-1.8572826
2.3823528
3.0347652
0.45503998
1.7113743
0.34726334
-2.7788162
1.0408211
1.2885475
0.7854252
3.1381931
1.178875
-1.4325428
-0.40814018
-1.2011299
-0.45586205
0.03652573
1.0345383
0.72436714
1.0484333
0.93963814
1.4431763
0.52687454
1.038023
0.7587776
0.8940888
1.1162968
0.9795704
0.71595955
1.1178284
0.6702118
1.3416939
0.8653679
0.7844391
0.51334
1.2360744
0.99422455
0.7873802
1.7422657
1.1052284
1.716589
0.31923485
0.91004753
2.2127705
-0.102334976
1.4193649
1.1520805
0.72192
1.4168339
0.18764114
0.8470402
1.202179
1.0457306
1.274147
1.5264626
0.79449844
0.8945217
1.2124119
0.464571
1.0811481
0.84641075
0.957674
1.0572529
0.969944
0.6281338
1.0034962
0.40317535
0.44233894
0.8982334
0.26513863
0.4648037
0.41787148
-0.10042572
-1.2542229
-0.08310127
1.8934269
1.0760059
-0.52168655
-0.3554802
-3.9420338
-2.117525
0.0422573
-0.2753086
0.40594482
-6.198286
-3.8629532
-4.4165115
-1.5561714
-1.6093559
-5.1984863
-8.744078
-7.357956
-2.136526
-2.6207638
-1.3173294
-6.7010555
-2.9491959
-4.9598713
-4.6228695
-13.70006
-11.304846
-10.783886
-7.8620396
-7.233946
-10.071495
-6.0356617
-6.5380287
-2.6895332
-6.143425
-11.016447
-14.208094
-12.666525
-7.99284
-6.792988
-10.027592
-11.450321
-7.969307
-8.037727
-11.090319
-12.854244
-16.158651
-6.6124363
-10.558996
-6.197029
-14.808224
-12.060358
-12.625229
-14.710581
-11.517569
-12.605541
-14.069662
-16.052902
-7.8997955
0.113033295
-6.8590984
-11.204592
-13.470428
-11.364416
-8.751104
-7.0864487
-7.623001
-4.1318474
-5.1655827
-2.1140327
-9.378738
-8.780863
-8.840078
-4.933092
-4.9926777
-1.6507149
-4.2640667
-3.191822
-3.1951942
-3.9259777
-6.417034
-5.406481
Done. Our total time was: 13716ms
ave frequency = 21.2160979877515
Target frequency = 20.8333333333333
alpha filter = 0.2
Kp = 0.12
Ki = 0
Kd = 0
--------
-4.8611145
3.0491638
1.7833138
-0.56827545
0.3645935
-5.018999
-5.5433807
-8.193979
-9.088863
-4.9466496
-4.7907066
-0.4925537
0.31506538
0.46513176
-2.1851406
-3.7176228
-7.614275
-5.802353
-4.4016647
-0.75252914
-0.16147804
0.7196331
0.36027336
-2.0421944
-3.411148
-7.130762
-4.7575684
-3.4633484
-0.5739479
0.19403267
0.7618942
-0.06548691
0.48914146
-0.14836311
-5.0303936
-14.444876
-8.024536
-4.1683464
0.39853477
-0.57247734
0.03962326
0.07401085
-1.974371
-12.443789
-7.75313
-7.600815
0.61338425
0.65164757
-1.1529694
-7.2909203
-11.757221
-16.334288
-6.604553
0.7276249
0.2567234
-0.3209648
-2.3611565
-17.16444
-11.735157
-20.264778
-7.338663
-0.2240963
0.64214325
0.010967255
-2.981701
-13.724808
-20.60338
-29.43503
-6.5131187
0.22652817
0.9916134
-1.7184448
-7.1988697
-11.456446
-29.503838
-20.200409
-6.622673
0.6310139
-1.0470867
0.12757301
-9.836565
-16.889633
-25.69283
-26.112606
-5.2710266
0.04822922
-0.29811287
-1.428503
-12.386272
-29.035696
-31.994177
-15.748005
-3.3415718
0.55129814
-0.057941433
-1.5103302
-12.088556
-24.61176
-34.46575
-28.570852
-14.459015
0.8395653
-0.001024255
0.25458717
-1.6138859
-22.909718
-25.160246
-31.65634
-17.547554
-2.9137154
1.1495838
-0.008895872
-3.0817738
-30.90406
-30.237598
-38.9103
-20.692875
-3.5267258
0.8505554
0.87508965
-5.1991787
-24.430576
-16.191433
-22.87489
-8.957878
-8.588884
-1.2013874
-1.7705727
-8.752556
-17.462593
-24.010746
-18.190422
Done. Our total time was: 6203ms
ave frequency = 21.2800257939707
Target frequency = 20.8333333333333
alpha filter = 0.2
Kp = 0.24
Ki = 0
Kd = 0
--------
-0.39111137
-2.7107239
-4.1286087
-6.0671825
-6.266039
-7.763317
-11.258003
-15.404982
-18.087477
-14.741734
-14.186073
-14.248583
-14.261076
-14.082518
-14.082489
-13.870701
-13.907587
-14.870874
-14.310627
-7.672106
-3.2128506
-4.0959187
-6.162735
-5.1241016
-7.4457836
-6.3750286
-4.6014233
-7.564312
-5.1744175
-2.7569351
0.5764446
0.51408577
-1.1583042
1.5941658
1.4161835
2.9501915
1.6590595
1.8431473
2.0812912
4.36248
3.3305798
2.9863605
2.5910568
4.902872
8.169714
7.3893337
5.368553
6.6854057
5.349354
3.9313927
0.57445335
0.48599815
0.12672234
0.549181
0.25703812
0.5499935
0.015352247
0.4828682
0.57094383
0.49065208
0.3571682
0.28080368
0.1333828
1.00951
0.3093891
0.60190773
0.52723694
-0.2747383
0.726326
0.6368332
0.08264351
0.51795197
0.21016882
-0.14195251
0.92936134
-0.04115677
-0.3315239
-0.088947296
-0.07293129
1.520464
0.3644352
-0.6594753
0.54052734
0.2757511
0.5764904
0.4925537
0.62137413
0.38448334
0.65683556
0.7349186
0.063072205
0.4394703
0.44859695
0.45836067
0.55301666
0.12041664
0.21455574
0.8432369
0.16314697
0.6760044
0.52087784
0.47574615
0.08750725
0.5209675
0.38440895
0.69190407
0.88349724
0.80901337
0.89209175
0.07204437
0.64395714
1.6253109
-0.5009327
0.9252243
0.130167
-0.08516693
1.0234356
-0.058296204
0.10101509
0.5240612
0.4013958
0.17491913
0.83154297
0.36958504
0.19822311
0.8875332
0.42184827
0.41357994
0.6289673
0.16183853
0.08251953
0.5243912
-0.31487465
1.1563072
0.5385666
0.2498932
1.1443367
-0.14107513
0.29834938
0.6016884
-0.013778684
0.8580704
0.75943184
0.1815834
0.9424591
0.13429832
1.0042591
0.58374596
0.18986511
0.69962883
-0.32819557
0.51636887
0.038043976
0.47852325
0.09627533
0.1150074
-0.22005272
0.19530869
-0.4960308
0.1138134
-0.27356339
-0.334692
-0.04862786
0.91806793
-0.2713852
-0.067848206
-0.036073685
-1.7923317
-3.499485
-1.2269363
-2.7700443
-1.61767
-6.0631256
-2.6475048
-2.0543633
-1.6515446
-2.617979
-6.5795574
-6.3376675
-5.0790596
-1.734972
-4.7456684
-5.3990345
-12.104969
-4.993307
-5.932987
-5.600502
-12.13175
-15.521759
-9.151575
-8.968103
-10.776047
-14.542889
-10.600969
-11.461195
-13.7892
-10.640137
-14.039249
-15.74749
-17.984068
-11.226572
-3.1399746
-10.157528
-12.236881
-10.235884
-9.954281
-6.5045147
-5.508976
-7.7271175
-3.621439
-3.0262527
-2.2092857
-5.5524426
-0.33268356
-3.7992992
1.4272518
0.43727875
0.41178322
0.32529068
2.0805588
2.0412655
2.6107807
1.4994678
2.327343
1.747736
5.735674
3.6835995
5.205618
4.0890484
4.5954666
7.0200768
6.4076557
7.967695
6.355917
5.993698
5.4643574
6.8213577
8.126408
8.309515
7.3363647
3.5149078
0.8429775
0.22460175
0.053472515
0.75680923
0.09554863
-0.08601761
0.74952316
0.09570694
0.17957115
0.5725403
-0.12514114
-0.09174347
0.13743591
0.5418606
2.7834358
0.22470856
-0.14421654
0.7224922
-0.066898346
0.54003906
0.2941532
0.72541237
0.68710136
0.9693794
0.5779152
0.8364868
0.9619179
0.51649857
0.36805344
0.61736107
0.30989838
0.72369766
0.15952492
0.31518173
0.547245
-0.07387352
0.46502686
0.3079033
0.7481098
0.40304756
1.4800663
0.5034237
0.16511536
0.50759506
0.15904427
1.2259598
1.280098
0.3567295
1.3611298
0.19619179
0.7535496
0.952219
-0.25375748
0.44029427
0.69571686
0.31917
0.7871418
1.0449314
0.46323776
0.19568634
0.87247276
-0.000690461
0.59404373
0.73203087
0.32564735
0.43224907
0.40603256
0.264822
1.1886482
0.25088882
0.85590935
0.76602745
-0.06555176
0.7415066
0.53222656
0.4758377
0.9989128
0.59586334
0.45710754
0.57678604
0.61798286
0.67710876
0.40083313
0.83062744
0.14953423
0.038932804
0.31116867
0.18511772
0.52406883
-0.0033817287
0.040412903
-0.5077648
1.1519127
-0.6993675
0.09349251
-0.027410507
0.28094482
-1.8280296
-5.7937565
-1.691822
-1.5098877
-4.0014973
-12.045013
-7.4105835
-10.002213
-8.153038
-11.716764
-12.23629
-9.039465
-7.464529
-6.965332
-11.957668
-11.604267
-10.633966
-7.1289253
-12.2275715
-11.338333
-14.049477
-12.30978
-13.652615
-10.129469
-17.674759
-17.04036
-16.165817
-11.791143
-10.256132
-23.399975
-16.329695
-15.514759
-12.494381
-24.096869
-26.674286
-20.256914
-24.021708
-22.32593
-8.162327
-12.778492
-16.41299
-16.477158
-15.411814
-10.516724
-11.571632
-12.196529
-11.105713
-8.874058
-7.003744
-9.694256
-8.382748
-9.559488
Done. Our total time was: 18356ms
ave frequency = 21.2464589235127
Target frequency = 20.8333333333333
alpha filter = 0.2
Kp = 0.015
Ki = 0.0001
Kd = 0
--------
-6.9639435
0.8080158
0.4973812
0.86211586
0.6214409
0.5812473
0.5505867
0.7066765
0.90528107
0.23540878
0.6815758
0.54000854
0.46064568
0.6888313
0.69973564
0.2447319
0.8286743
0.46996117
0.94334793
0.479166
0.47660255
0.080373764
0.724247
0.55820656
0.8374138
1.1878147
0.2900753
0.91485023
-0.23342133
0.45580673
1.9947968
-0.95706177
0.90162086
0.34817696
-0.2357006
0.88583755
-0.049812313
0.085084915
0.72127914
0.6941376
0.23890114
0.8967743
0.30942726
0.19230652
0.5033245
0.5812359
0.05121422
0.6397457
0.4736061
0.19854546
1.0248985
0.015771866
0.5190315
0.5887413
-0.11725426
0.99108887
0.18678474
0.46254158
0.6383629
-0.30820274
0.69631004
0.8867531
0.16103745
0.6570587
0.22711563
0.69202805
0.14616776
0.23982239
0.48486137
-0.16882896
1.116682
0.08190155
0.46774864
0.41683006
0.34083366
-0.22460938
0.30002403
-0.11366081
0.33659172
0.23880194
0.03181839
0.019527433
1.260313
-0.19940186
0.39081764
-0.2687664
-2.3887253
-4.3112164
-1.5492
-2.8738747
-1.6628265
-5.3743343
-3.2685661
-1.7309456
-0.78671837
-0.92843246
-5.238312
-5.6673355
-7.454525
-1.8700047
-4.690174
-4.807005
-11.20051
-4.8903103
-4.453409
-5.0042324
-9.198982
-12.769129
-6.954159
-7.9753323
-8.32151
-13.7834
-11.3146305
-8.556694
-10.560797
-13.738617
-13.573597
-13.97547
-16.119688
-9.784262
-0.9930401
-8.071323
-10.765369
-8.538919
-8.451708
-4.854845
-5.201212
-5.465931
-1.7108383
-2.9055557
-0.043752667
-4.6303673
-1.2702732
-2.6617527
0.81516266
0.09337427
0.16209982
0.689106
1.9732952
2.2372856
2.1205826
1.564825
2.118391
2.3310509
5.414919
4.1702576
3.2234058
5.3147564
2.8741627
5.972826
5.171131
7.662813
6.064583
4.259081
4.611143
4.4970856
7.660345
7.878687
6.680023
8.000885
5.4131145
6.2396755
0.76649284
0.59461594
0.19987106
0.0972023
0.35933495
0.48848343
0.08184432
0.87509346
-0.039144516
-0.0095405625
0.4835987
0.18975067
1.9823494
0.4354267
0.34879875
1.1265259
0.18437004
0.6840229
0.455719
0.45903778
0.7271118
0.8244343
0.4803276
0.2398758
0.64051056
0.53113174
0.43118286
0.7022152
0.36277962
0.11246872
0.7379379
0.4567852
0.6678715
0.14188576
0.41605568
0.17186737
0.88103485
0.33740425
1.114069
0.7451763
0.95088005
0.6407089
0.03276825
1.66502
0.9339218
-0.43102455
1.0673256
-0.09907341
0.069767
0.8613281
-0.16068268
0.16864014
0.6134205
0.34853172
0.38258362
0.7169056
0.20579147
0.16803741
0.6912174
-0.3113861
0.31301498
0.59095573
0.04629326
0.31962013
0.7516289
0.2196579
1.0504684
0.3930874
0.6657543
0.6869602
-0.12113571
0.60969734
0.5899887
0.3753643
1.0228577
0.42491722
0.46434593
1.1061096
0.15168571
0.87825394
0.39303398
0.85256004
0.3353939
0.14312553
0.5916538
-0.30514336
-0.20254135
0.07877922
0.24604988
-0.28152084
0.6944828
0.01584816
0.9800205
-0.46391487
-1.2845116
-2.141018
-5.4957256
-0.58802414
-1.3589706
-3.5191174
-8.420048
-6.9617844
-7.9519005
-7.593605
-10.650627
-11.62019
-7.3371315
-5.852873
-3.6564522
-8.753599
-9.497591
-13.549263
-7.1535892
-9.100561
-9.661428
-11.095655
-11.6582775
-12.023394
-8.447939
-16.378044
-14.542673
-18.246265
-9.644356
-13.750511
-15.772045
-21.070583
-13.64221
-13.369438
-17.281292
-21.87588
-17.58766
-18.802687
-21.808483
-8.45405
-7.9701824
-13.42664
-14.304039
-13.214813
Done. Our total time was: 14123ms
ave frequency = 21.2419457622318
Target frequency = 20.8333333333333
alpha filter = 0.2
Kp = 0.03
Ki = 0.0001
Kd = 0
--------
-9.779978
0.8692589
0.23247147
-0.13683891
0.43933678
0.33314514
2.1867332
1.8943863
-0.1957264
0.6586361
0.6949692
0.7130852
0.56443405
0.16004562
0.71154785
0.7627754
0.64821815
-0.056392673
0.67396927
0.23413086
0.29072
0.55659866
0.5806942
0.24780083
0.87610245
0.58909225
0.8528862
0.12800598
0.5645542
0.532341
0.9053955
0.5173054
0.66996956
0.43131256
0.34707832
1.0369816
0.11242485
0.37560654
1.3711777
-0.36738205
1.3277969
0.6662407
0.06238365
1.2179585
0.3250389
0.42817688
0.7881031
0.6670265
0.5045967
0.8430748
0.25156975
0.07424164
0.88897705
0.33794975
0.525774
0.70334816
0.13204002
0.3506832
0.39823532
-0.15935135
0.7882271
0.3600464
0.51366806
1.0877838
-0.32496262
0.42720795
0.70934486
0.28038025
1.0374794
0.2516861
0.18536949
0.68948174
0.18896866
0.6451912
0.34373474
0.5111065
0.35589027
0.08441353
0.5749855
-0.17727661
0.08630371
0.32170105
0.37304497
0.21060371
1.9263287
1.8494606
0.6430664
-0.4662819
0.38520238
-1.118969
-3.7093525
-2.5023975
-1.3694305
-2.5241928
-6.2746544
-7.387398
-5.2517433
-8.122795
-5.540621
-11.384928
-4.926649
-5.715576
-2.995903
-5.0128784
-9.189213
-10.654207
-9.226299
-5.1132812
-6.4977226
-7.590908
-13.326517
-7.265478
-7.9300556
-7.651886
-11.448471
-14.621775
-9.303062
-10.232674
-10.72653
-13.750345
-10.83474
-10.657566
-13.217325
-9.300314
-14.093849
-16.10562
-18.138412
-11.994417
-3.0934944
-8.074099
-10.709274
-10.32131
-9.763676
-7.044918
-7.025673
-7.1215935
-4.755474
-4.9450016
-3.1460953
-6.793066
-4.812269
-4.7421055
-1.160553
-3.7824268
-1.1512337
-3.9061165
-0.6109772
-0.21608734
0.793766
-2.852148
-1.2650337
-4.067976
0.3868389
0.24127197
1.2333984
1.8063126
-1.4465199
1.8294792
1.4958076
2.532467
2.1397667
1.4939842
2.0261993
1.4121227
3.6945934
2.840559
3.5521812
4.854866
1.2688694
4.404001
4.687744
3.1557465
6.3123875
5.759163
2.2126617
4.8213406
3.940462
2.348732
5.9279537
4.91873
5.0084877
6.575821
0.64294624
-0.21183205
-0.43045044
0.4585743
-0.023237228
0.6230049
0.13322067
0.38873863
0.40995026
0.84233475
0.68227386
0.28848457
0.48878098
0.49050903
0.412014
0.72777176
0.6683407
-0.19792747
0.6105423
0.38511658
0.88069916
0.68294144
0.7655487
0.38266945
1.074049
0.5067463
0.59597397
0.6066494
0.497715
0.7577324
0.24472046
0.7309742
1.2931042
-0.6529751
0.75942993
0.03655625
0.021312715
1.0566559
-0.06598663
0.31905937
0.9888115
0.4059658
0.3762703
0.593832
0.20388222
0.25398445
0.71131516
0.26125336
0.755867
0.672472
0.070043564
0.7123413
0.7722206
-0.06997681
0.92137146
-0.157444
0.2362957
0.82027817
-0.020395275
0.47588348
0.16834259
-0.027366638
1.3618584
0.497221
0.46989632
0.42404556
0.13017464
-0.22694778
-0.5499191
1.4173946
-0.05253791
0.13587952
0.05729105
-2.2401066
0.23228645
0.14643288
0.02276039
-2.6813335
-5.9204826
-8.339581
-5.6112595
-1.2666645
-3.8355846
-2.3831387
-12.637703
-2.5278664
-4.060049
-6.13809
-12.90707
-10.8047905
-10.688421
-8.461233
-10.198647
-9.143229
-10.180302
-9.670349
-5.955805
-11.98468
-12.196003
-10.128389
-9.369259
-10.458693
-10.072342
-12.768532
-11.633532
-13.907583
-10.673725
-11.20628
-12.817837
-18.385416
-12.155769
-11.135216
-15.552923
-21.554192
-14.202438
-13.622372
-15.879459
-18.48948
-17.677313
-18.78173
-20.549606
-10.092789
-7.658947
-12.263939
-14.7499275
-14.087687
-11.391548
-9.6734085
-10.256359
-10.482014
-8.219786
-7.5442963
-8.230217
-10.614256
-8.825926
-6.50692
-5.892008
-7.0043144
-6.4758797
-6.397932
-4.4592648
-2.5888634
-2.8474464
-4.609955
-6.189045
-6.142708
0.13939095
-4.1035786
-0.13101004
-5.1643925
-2.127964
0.39204216
-0.27885628
1.9608707
-2.5932941
-1.0777206
-4.2001953
-1.1660652
2.124897
1.4208126
Done. Our total time was: 16139ms
ave frequency = 21.1909040213148
Target frequency = 20.8333333333333
alpha filter = 0.2
Kp = 0.06
Ki = 0.0001
Kd = 0
--------
1.9099388
0.23129082
0.66635513
0.18848419
0.4933014
0.6355076
0.53499603
0.5873184
0.7335224
0.63727
0.31455803
0.92305374
0.6299515
0.7931919
0.45820236
0.6063938
0.41859245
0.9108448
0.6112919
0.6200981
0.83740425
0.071014404
0.98931503
0.28321457
2.062252
0.46655655
-0.26205063
1.174757
0.2971058
0.5352669
0.84552956
-0.16233063
0.6778679
0.5160179
0.20474625
0.3965397
0.33105087
0.18902397
0.49383736
0.42674065
-0.15052605
0.698967
0.5498333
0.3777256
0.60561943
0.113752365
0.4927082
0.7747326
-0.15880585
-0.3054409
0.23696518
-0.11630632
0.241148
-0.007966993
-0.7248993
-0.2107868
0.012393949
1.8954048
-0.09770203
-1.7430267
-0.6297703
-6.410183
-2.840582
-0.08914948
0.65346146
-1.8164616
-5.9294033
-2.0702248
-4.5770645
-1.695221
-4.953825
-6.0043793
-11.542192
-5.0745144
-3.304634
-2.6466522
-4.8258686
-9.501358
-4.7561646
-5.9574547
-10.101355
-16.995861
-12.308096
-11.236954
-5.427847
-8.289322
-6.8731728
-5.38888
-5.6064663
-5.245411
-12.275579
-13.429001
-15.782949
-8.688013
-8.872673
-5.4869385
-12.121021
-10.722446
-10.803761
-7.904932
-11.916185
-11.398916
-10.514795
-9.156857
-13.345287
-17.019901
-18.615116
-12.980942
-9.349531
-13.211897
-14.224203
-14.446209
-17.205317
-12.800968
-2.5696163
-3.7479439
-9.361053
-11.923626
-14.808367
-11.254375
-10.076078
-8.638222
-7.765768
-5.9080124
-4.492649
-7.793453
-8.183231
-10.842083
-6.575571
-7.001541
-4.8217716
-5.954586
-4.7789345
-4.2988358
-3.8342228
-4.957432
-6.3508396
-7.7604637
-5.8391743
-1.9631138
-4.28179
0.45694542
-6.0868683
-2.96801
-4.0725136
-2.701992
0.36159706
-4.737913
-1.3816853
-5.8583813
-1.4538708
-0.10328674
-4.3601494
0.7713928
-1.7543926
-2.6034355
1.1777382
-0.28721997
0.72917557
1.6132183
-1.4315376
-3.4842148
-0.058815002
-4.603405
-0.987072
1.2282085
0.3508129
1.5185833
-0.6862736
-3.3590927
-1.7125092
-1.4864426
-1.2707253
-0.61468697
0.30657387
0.3776512
0.2558155
-0.05484581
0.46236038
0.17422867
0.5216999
0.30516434
0.3108883
0.2647152
0.73160744
0.0781517
0.612772
0.3895588
0.6496525
0.5380173
0.44146347
0.7452469
0.45202065
0.85004807
0.53967094
1.0021667
0.16614914
0.47657776
0.7707901
0.10348129
1.9406414
-0.0813961
-0.06513596
0.502079
0.15168571
0.6457596
0.43166924
-0.000419615
0.80433846
0.4621067
0.20923805
0.2664566
0.13526917
0.23550415
0.35351562
0.32602692
-0.17021179
Done. Our total time was: 10248ms
ave frequency = 21.1748633879781
Target frequency = 20.8333333333333
alpha filter = 0.2
Kp = 0.12
Ki = 0.0001
Kd = 0
--------
-0.16290665
0.8821945
1.1467686
-0.9830284
0.61823845
-7.5465584
-17.927534
-30.305645
-28.197313
-5.0906105
0.03948784
-0.97911644
-2.1105385
-2.177143
-5.1026554
-11.977905
-24.211004
-26.637634
-18.002295
-4.0616016
-0.92637634
-1.3631134
-0.51317024
-10.697788
-14.515375
-20.709425
-22.08476
-15.77977
-4.760086
-0.13069725
-0.2617302
-2.5075474
-25.848835
-22.683693
-36.040176
-12.585003
0.11156654
1.1479778
-1.030962
-2.0596008
-16.530367
-18.978205
-39.21469
-32.47772
-15.226746
-0.7578296
-0.30483055
-1.5370579
-9.189854
-17.662205
-29.247627
-25.994267
-21.060375
-4.6757965
-0.050207138
-0.35593414
-9.045616
-19.10252
-31.061476
-34.559372
-15.064699
2.2973614
8.0085335
1.251131
-1.5261135
-20.351185
-26.05088
-29.293848
-21.318249
-3.4240131
6.030361
-0.20620537
-2.9873486
-15.94854
-17.653578
-18.79882
-10.626743
-3.0959053
1.9023323
2.623289
-2.3753166
-11.458454
-23.565231
-22.298672
-18.761816
2.4775314
7.919342
4.850666
-1.9130745
-20.66369
-20.548086
-23.812473
-3.600565
5.760504
4.213913
-0.60626984
-5.098446
-13.593807
-18.44631
-16.676485
-6.4722385
0.0077343
2.8886013
-0.29732132
-2.3346024
-7.282486
-10.029446
-17.278006
-9.842604
-6.569004
-1.4064331
5.5142384
4.0240517
-3.3241844
-12.693331
-22.647236
-12.352909
-6.4142113
-1.3334675
-1.477993
0.57530403
0.2472992
-2.3838692
-4.1053143
-9.677622
-6.738262
-6.1956615
-1.0261192
-0.25149536
0.03929329
-0.39811325
-2.3240871
-3.1039867
-6.2794876
-5.0220222
-5.865757
-0.8173027
0.032506943
-0.13527298
-0.764637
-2.2884235
-4.5380497
-4.0538273
-0.8300133
-1.5396233
-0.028915405
2.0092316
0.74338335
-4.700262
-14.524906
-11.27215
-11.057304
-0.5723591
-0.97971153
-0.54920006
-0.5902176
-0.58807564
-6.243576
-6.6699924
-8.065535
-2.7730389
-0.5256119
-0.82484627
-1.0049686
-4.185503
-9.347504
-11.165102
-5.8770847
-8.056042
-1.1109238
-1.2549076
-2.239769
-1.0766315
-9.9549675
-13.054285
-18.978252
-17.854692
-1.1185932
0.29646873
-0.70412827
-1.1924877
-6.84585
-18.348211
-24.465677
-23.25451
-1.4472771
-0.10635948
-0.8770828
-2.6890144
-15.974638
-15.530045
-20.069218
-6.9572964
0.00611878
1.1669121
-0.1621666
-10.479311
-29.020264
-39.131123
-34.560314
-3.5882282
0.5725918
-1.0218353
-2.3606758
-8.155094
-13.193802
-22.231556
-28.135658
-25.251364
-8.543133
0.5443649
0.9507675
-1.3874645
-11.113235
-28.408075
-34.54259
-24.87521
-5.552679
-0.5435486
0.0003642925
-2.1922455
-14.092649
-21.453299
-40.757755
-36.803963
-17.253084
-1.3859806
0.094753265
-1.4698944
-7.3226795
-16.920668
Done. Our total time was: 10842ms
ave frequency = 21.306032097399
Target frequency = 20.8333333333333
alpha filter = 0.2
Kp = 0.24
Ki = 0.0001
Kd = 0
--------
0.017503738
0.34366417
2.096983
5.7016373
-10.650692
-2.0697575
0.30124378
2.6017733
2.475521
-5.6441813
-11.745516
-15.255635
-14.011128
-12.838254
-6.279155
-3.3332157
-7.280181
-9.720472
-10.700529
-12.182417
-9.303778
-11.501508
-7.7710514
-7.742632
-6.999487
-10.670573
-13.459499
-10.974117
-10.761215
-7.4139185
-10.599799
-8.636853
-11.146924
-8.591726
-9.939364
-11.482828
-12.316435
-13.540494
-10.282894
-11.263403
-8.912741
-9.105525
-9.558603
-10.937076
-11.486529
-10.890762
-11.534651
-10.600834
-10.272634
-10.323325
-10.219435
-11.675376
-12.00852
-9.816924
-11.471885
-10.118465
-11.339769
-11.00973
-10.248075
-11.12739
-12.042431
-10.202687
-12.071653
-8.316848
-11.726434
-16.959013
-35.719513
-30.381311
-14.655562
-0.02968312
-1.3664646
-4.4134912
-33.147617
-37.62004
-28.312922
-3.775505
-1.4071693
-1.0447407
-10.553426
-25.867931
-43.145557
-36.04222
-18.81463
-1.8198509
-1.3444586
1.0018663
-18.762838
-38.855774
-45.073586
-23.86743
-5.9494286
-1.0435762
-2.9412909
-14.822412
-33.8063
-44.741917
-34.201084
-13.828262
-1.8445024
-1.1952286
-11.803685
-18.870768
-36.824547
-35.763454
-19.020628
-2.2089148
-2.9647245
-8.90838
-23.168724
-33.061443
-40.142395
-18.979393
-5.7849245
-2.4279757
-11.604891
-25.381788
-28.488087
-32.7647
-25.364862
-11.10619
-3.829918
-10.571582
-21.532717
-21.179272
-28.323103
-27.582638
-13.389932
-11.388324
-12.017835
-16.5901
-26.709818
-17.036842
-12.312819
-12.252673
-11.598505
-10.806226
-12.14333
-14.331696
-13.430935
-10.711708
-13.454597
-12.161115
-10.734039
-11.303663
-12.622696
-10.762226
-10.475467
-11.425654
-10.874536
-13.106357
-11.086457
-10.740194
-11.944348
-9.507692
-10.331472
-7.757739
-12.509064
-12.836186
-13.979253
-10.393733
-9.327881
-9.181053
-10.733428
-11.144673
-12.254325
-9.3461275
-14.103276
-10.786176
-13.8190155
-10.422735
-13.05827
-10.953579
-10.7710705
-10.172777
-10.145885
-10.668219
-11.321512
-12.58076
-11.741802
-11.377348
-10.340241
-9.511704
-10.592711
-12.392751
-10.154835
-12.425434
-11.29882
-11.423999
-10.496034
-9.316816
-12.317742
-11.617051
-10.954678
-12.104467
-10.4097595
-11.609524
-12.987579
-32.464108
-26.179516
-20.145294
-2.215787
-0.26895142
-2.69728
-27.8418
-36.14819
-35.332138
-9.466596
-1.5175228
-1.0572491
-5.704109
-21.2916
-38.0661
-39.30364
-27.672426
-5.8865786
-1.7855978
-0.67922497
-16.985464
-36.02936
-39.701912
-24.305794
-6.94298
-1.5863991
-5.5910273
-14.482761
-33.626072
-41.683147
-33.951588
-14.643372
-1.3779526
-0.44243047
-12.753426
-25.650131
-36.588223
-33.261795
-17.825266
-4.3782663
-3.6099043
-12.843484
-24.940126
-31.671494
-35.735023
-13.245766
-7.2445993
-5.818305
-10.603154
-25.74467
-28.819746
-32.436806
-24.433098
-10.488407
-4.68458
-11.664748
-21.066545
-22.35856
-27.747599
-28.726654
-9.969412
-10.965853
-11.592096
-16.682007
-25.701044
-19.68977
-11.440181
-12.390866
-12.070664
-12.418497
-12.422001
-15.402938
-12.230146
-11.013146
-13.406027
-14.221416
-10.261237
-11.9206505
-11.889301
-10.316008
-9.661839
-12.835325
-12.290484
-13.482714
-10.567629
-9.478364
-11.763821
-10.058243
-10.960399
-8.888082
-12.62131
-13.312108
-13.43212
-10.650216
-8.84823
-10.332308
-11.026993
-11.08905
-10.959383
-8.588602
-13.127172
-11.164029
-15.8229065
-12.141294
-13.064597
-10.010375
-9.177132
-9.741713
-11.808903
-12.091729
-11.215706
-11.961367
-11.999223
-11.536851
-9.914825
-9.362984
-9.783406
-12.196749
-9.957384
-11.366548
-12.319398
-12.43269
-11.754602
-9.751921
-12.204789
-11.235394
-9.681353
-12.348918
-10.204023
-13.320409
-15.152026
-30.48274
-22.377985
-14.552246
-1.1043148
-0.87905693
-13.755681
-37.13806
-33.799957
-26.316847
-5.7198553
-1.4099369
-1.1195507
-15.749405
-28.061884
-37.885174
-25.243727
-11.615361
-1.7969198
Done. Our total time was: 21480ms
ave frequency = 15.828677839851
Target frequency = 15.625
alpha filter = 0.2
Kp = 0.12
Ki = 0.006
Kd = 0
--------
0.02231884
1.3596697
2.1472263
-5.0526905
-5.489485
-7.184678
-10.763698
-10.522038
-8.129578
-9.44871
-8.516054
-8.935654
-8.485638
-8.093452
-9.8695135
-12.123318
-7.3944407
-10.058401
-9.183864
-10.965422
-9.557045
-9.094342
-10.745236
-11.1830845
-13.751691
-9.899903
-11.099757
-9.059778
-12.923956
-9.180646
-11.291692
-7.339202
-11.440047
-11.134394
-13.09109
-12.573924
-11.709453
-13.110695
-12.036714
-9.868784
-8.696652
-11.00608
-9.512412
-11.567813
-10.963182
-13.858427
-9.209559
-9.901233
-11.052384
-11.289667
-10.158154
-9.775387
-11.278572
-11.510293
-12.079255
-9.759387
-15.074484
-10.343509
-15.028676
-8.727242
-10.870195
-8.208473
-11.709312
-24.197683
-30.759626
-29.261177
-11.933817
-9.854773
-7.5340633
-19.170385
-22.942522
-22.849182
-19.506964
-13.948709
-19.253698
-17.018274
-20.10138
-12.261831
-19.727486
-22.770193
-28.132936
-16.013338
-13.25135
-12.250683
-21.87593
-22.943382
-21.147646
-20.953527
-21.836008
-24.254276
-13.764165
-13.395845
-14.285456
-23.49545
-23.218054
-19.265263
-24.05532
-25.996124
-19.252495
-15.778116
-12.616138
-19.503555
-16.857798
-19.351595
-28.294119
-21.333357
-18.107874
-18.018257
-14.165395
-13.600729
-12.093464
-19.06558
-24.995241
-13.269464
-12.661344
-18.669685
-19.700161
-14.034046
-18.997751
-25.285738
-20.171541
-19.58529
-19.977167
-14.816344
-9.873372
-19.804386
-20.251137
-27.02692
-18.537958
-9.4250555
-12.053133
-12.8393135
-11.541144
-10.456555
-11.563302
-10.149078
-9.030678
-11.976001
-11.076238
-9.655493
-10.350983
-9.342559
-9.869829
-8.7744255
-8.728923
-11.197831
-13.913982
-9.468945
-11.145463
-9.160665
-11.094519
-9.14583
-8.183346
-10.896592
-11.514876
-14.014963
-9.42456
-11.48013
-8.850346
-12.669506
-9.887177
-11.8106985
-8.1595
-11.24466
-10.695857
-13.146111
-12.681582
-11.811738
-13.67822
-12.473461
-9.657773
-9.128419
-11.095208
-11.102893
-10.522856
-10.529466
-13.326274
-10.95013
-10.457252
-12.2532015
-11.135625
-10.759613
-9.894876
-11.15372
-13.478317
-11.705586
-10.331865
-12.645834
-11.7896595
-13.9475
-8.489562
-11.155973
-9.347777
-13.485103
-22.593908
-33.75488
-27.205576
-8.807876
-7.81413
-6.957896
-17.487602
-26.798267
-24.677654
-23.002165
-13.948202
-19.110115
-12.118403
-18.212502
-10.177243
-23.770235
-23.365622
-30.592138
-15.851429
-15.80049
-11.034443
-22.70995
-22.840944
-20.852682
-15.521196
-19.038263
-23.183533
-19.493868
-19.122955
-17.154493
-23.968094
-21.975592
-16.053827
-21.50355
-21.384502
-21.988955
-15.308103
-15.50838
-22.87258
-17.820347
-16.341105
-21.408743
-17.865475
-20.208405
-19.26446
-20.244452
-14.276223
-11.694217
-15.297468
-23.383892
-19.194777
-16.918777
-18.197227
-17.819302
-16.253708
-15.648498
-19.033354
-22.318552
-18.448437
-17.457312
-20.136421
-13.972659
-19.03489
-22.393414
-22.649763
-23.705145
-8.734405
-9.791013
-13.160466
-13.605671
-10.914409
-11.159309
-9.609305
-9.514838
-8.524843
-10.79972
-10.065669
-10.52127
-10.88302
-11.524747
-9.118926
-6.8276596
-10.203041
-10.960789
-10.76928
-11.497961
-9.693357
-13.188291
-9.384242
-10.016999
-8.314951
-10.929833
-12.757568
-9.867871
-11.227978
-9.077455
-12.573536
-10.105664
-11.729232
-8.844038
-9.889427
-11.278072
-12.498447
-13.579914
-11.561265
-14.4995
-12.387194
-9.741422
-9.678581
-11.409132
-12.042627
-10.55478
-9.784297
-11.090396
-10.632839
-10.283382
-12.880507
-11.742205
-10.971755
-9.399089
-11.580526
-15.235303
-11.603575
-11.037023
-10.786567
-9.502832
-12.059631
-9.461293
-11.963075
-10.672346
-13.739406
-20.243023
-34.108067
-24.986637
-10.361295
-6.9598207
-6.974018
-18.231518
-27.12403
-25.826185
-21.523191
-15.197556
-20.42627
-11.434907
-19.078176
-8.992108
-20.738998
-20.878983
-32.222782
-19.56397
-18.505486
-9.7792425
-20.223305
-19.30347
-20.459885
-17.173632
-21.797318
-24.972914
-19.563864
-14.452236
-14.592961
-23.745869
-24.217054
-18.65638
-22.533634
-21.200018
-17.241045
-14.420044
-13.600878
-26.4753
-19.888386
-17.684305
-22.217897
-15.049489
-19.019297
-19.307392
-22.846508
-15.882639
-12.916615
-13.35841
-21.279638
-18.477915
-19.843933
-18.847033
-20.055296
-17.307089
-16.679714
-19.126339
-17.30455
-19.159239
-24.202717
-14.653098
-11.220552
-16.885496
-24.93007
-26.072699
-23.119993
-7.0768633
-11.091318
-11.699247
-12.034529
-10.241487
-11.459238
-10.025644
-9.934768
-11.001181
-11.729103
-10.107414
-9.763931
-9.314214
-11.75531
-9.268253
-8.43841
-11.871517
-12.481536
-8.637464
-10.771484
-7.8217773
-12.609627
-9.85734
-10.582074
-9.510774
-11.248721
-13.187324
-10.102651
-11.279875
-8.533798
-12.640997
-10.4274435
-12.115558
-9.41212
-10.243758
-10.476066
-11.525537
-12.812377
-11.616987
-13.503423
-11.698426
-10.211475
-10.822097
-11.371515
-11.124593
-10.079324
-11.079424
-11.657468
-10.843308
-10.0166855
-11.104043
-10.491471
-11.84328
-10.315854
-11.56536
-11.9945
-11.548497
-10.294403
-11.308402
-10.383693
-13.167464
-9.242522
-11.954396
-8.920379
-13.7656145
-19.177195
-33.93721
-25.314531
-13.389011
-4.422097
-6.0641403
-16.957672
-28.299032
-26.531887
-23.845387
-14.728447
-19.623495
-15.7893305
-22.213387
-10.943005
-18.592615
-14.931096
-27.506517
-18.057251
-21.53589
-14.282286
-23.571398
-18.251598
-19.346247
-12.5749445
-21.12636
-24.667976
-23.388628
-18.061361
-13.244651
-22.645388
-21.751486
-19.23633
-21.739386
-23.946367
-24.635454
-14.760519
-13.078013
-19.305182
-16.96352
-17.936445
-22.695593
-23.365013
-21.287203
-12.3589735
-16.403538
-12.372355
-12.427035
-20.896563
-25.901695
-23.673887
-14.080136
-11.899468
-14.9566
-16.110056
-15.5799265
-23.453468
-25.607721
-17.95549
-17.058075
-18.374521
-15.40764
-18.085337
-25.058891
-23.197453
-25.364567
-11.476243
-9.810374
-12.725743
-12.119276
-9.729786
-9.975433
-10.317149
-9.143702
-8.514833
-11.304374
-12.4215355
-9.243625
-9.999144
-11.318221
-8.952326
-9.221417
-10.891525
-11.222055
-9.824632
-9.218846
-8.993669
-12.353628
-9.810841
-11.60788
-8.818333
-11.092067
-11.576456
-10.967216
-10.029675
-9.539059
-12.610213
-11.534218
-10.800276
-9.900648
-8.421232
-11.448624
-10.6715975
-13.695018
-10.931506
-14.259599
-13.880186
-12.033243
-9.5149355
-9.919935
-10.107187
-10.674071
-11.082686
-9.6095085
-11.705664
-11.211035
-11.451966
-16.0178
-10.946358
-9.387814
-10.287503
-11.225816
-11.648682
-11.333936
-9.814858
-10.952198
-10.971023
-12.699095
-11.971796
-8.611532
-11.451627
-14.962037
-29.569185
-26.829697
-19.48955
-7.275325
-8.187732
-16.31464
-27.742851
-24.87227
-22.848911
-12.714534
-16.59713
-12.808131
-20.109194
-11.57465
-22.396008
-21.995684
-31.31452
-19.21472
-14.877799
-7.629057
-15.885716
-22.035748
-25.948362
-22.486933
-22.75498
-21.597975
-19.705347
-14.547886
-10.554983
-21.806938
-23.03265
-19.449621
-20.332445
-19.175182
-25.965252
-16.05568
-18.794346
-23.919153
-18.390701
-14.823435
-19.84112
-20.271818
-21.754866
-18.259693
-22.165863
-11.479862
-12.14293
-14.479697
-22.660383
-22.171263
-13.482399
-12.600744
-22.07946
-13.016027
-17.393208
-23.769686
-30.165699
-13.716072
-18.019512
-24.696611
-11.091762
-15.607329
-22.54771
-20.244537
-25.355469
-13.672953
-8.726574
-11.719109
-12.454288
-10.768181
-10.746427
-12.111968
-10.606925
-7.548728
-11.574502
-12.05944
-9.498477
-10.741721
-11.6445265
-8.989656
-8.530217
-9.827016
-11.173032
-11.056577
Done. Our total time was: 42460ms
ave frequency = 15.8266603862459
Target frequency = 15.625
alpha filter = 0.2
Kp = 0.06
Ki = 0.006
Kd = 0
--------
-8.121872
1.9010811
0.6247692
1.1258726
0.68301964
-0.45496082
-0.5935507
-2.3788166
-2.0845947
-3.1063414
-3.785489
-5.361534
-5.206752
-4.1429834
-4.064661
-6.1826057
-7.682043
-4.8941307
-7.5949535
-5.934599
-8.5209675
-7.684634
-9.031178
-8.868618
-9.12371
-8.432974
-10.402133
-6.931198
-9.515457
-9.385634
-30.544582
-26.718313
-20.917048
-3.6554985
0.99564457
-1.1840897
-19.650043
-29.956673
-34.79564
-15.2490835
-3.0792732
-0.04290199
-1.7532578
-15.01379
-36.78898
-42.20353
-36.55958
-10.304003
0.4263029
-0.10149479
-12.834717
-30.08175
-37.98563
-29.202135
-17.103943
0.6179037
1.3596554
-4.6399813
-28.60987
-42.90169
-35.211895
-12.127038
-0.43857384
-0.12669468
-8.702203
-23.150919
-38.377487
-38.792263
-20.977875
-3.3281221
-3.1877136
-12.851849
-26.656925
Done. Our total time was: 4563ms
ave frequency = 15.9982467674775
Target frequency = 15.625
alpha filter = 0.2
Kp = 0.12
Ki = 0.006
Kd = 0
--------
-0.028747559
0.27115536
-0.98643017
-1.3635492
-1.7741613
-6.346592
-10.403283
-10.293511
-10.421948
-18.906652
-19.966108
-15.986826
-19.447899
-24.277695
-16.89641
-18.372524
-24.375732
-19.541212
-21.794525
-8.773158
-9.677615
-13.295001
-11.876663
-8.782361
-9.347972
-9.399382
-7.546645
-6.473749
-9.195197
-8.196389
-7.318672
-8.143645
-10.059079
-7.9853525
-7.1815386
-10.40852
-11.821464
-9.915789
-10.979857
-8.513376
-12.679676
-9.593592
-9.31758
-8.90997
-10.895918
-12.16827
-10.052957
-10.739561
-9.564662
-13.369624
-11.0639105
-10.995004
-9.077166
-9.608533
-11.828694
-11.407674
-13.461671
-10.995944
-13.982562
-12.933775
-11.045498
-10.573597
-11.106219
-12.373623
-10.410251
-10.5429945
-10.471638
-9.366478
-10.0196295
-11.4214735
-10.411176
-11.357267
-9.488109
-11.528654
-12.595379
-11.671383
-10.634809
-11.189604
-10.558385
-12.485176
-9.19794
-11.076935
-8.240263
-13.191568
-16.968636
-32.336823
-28.289873
-19.845234
-13.537381
-14.93598
-21.362247
-24.998898
-20.38205
-21.101055
-14.363877
-22.518318
-21.467175
-19.943878
-9.349336
-16.20256
-15.701247
-25.79736
-17.343542
-20.761414
-16.358734
-25.365334
-20.983995
-19.841936
-13.665556
-21.901917
-25.040724
-18.69341
-18.05553
-17.54545
-24.142775
-21.527124
-14.685484
-20.031956
-20.257408
-22.863846
-16.215685
-20.741411
-24.95072
-17.10606
-14.906021
-22.511692
-14.661157
-20.597534
-17.25749
-22.71042
-15.573682
-14.000788
-13.88589
-17.096575
-17.782076
-11.337322
-13.306581
-23.56643
-18.317108
-18.391945
-19.617
-27.196468
-19.033266
-19.14745
-23.880835
-14.801639
-17.152952
-21.291786
-17.389486
-23.723547
-11.347044
-10.779627
-13.587299
-11.86905
-9.188928
-9.323637
-9.369284
-8.070443
-7.678954
-9.392732
-8.58599
-7.1092777
-8.691598
-10.657779
-7.9105234
-7.310376
-10.190657
-10.418903
-9.856969
-10.253842
-9.88912
-13.214342
-9.542708
-9.9027405
-8.045657
-11.413196
-12.397783
-11.080928
-10.363586
-9.545491
-12.075661
-11.34013
-10.375445
-9.6956215
-8.649723
-11.894432
-11.141152
-13.846449
-11.089677
-13.616859
-13.613649
-12.062622
-10.946824
-10.918859
-11.85641
-10.232914
-11.0249405
-10.750655
-10.3690605
-9.995616
-10.865669
-11.012029
-11.5423975
-8.9183855
-10.784679
-10.621488
-11.0859375
-10.083398
-10.9129925
-11.77732
-12.64346
-11.477722
-11.868121
-9.454036
-13.084123
-15.382446
-33.414238
-26.939816
-21.397253
-11.674841
-17.879583
-20.359278
-24.873665
-17.99233
-15.243337
-13.391638
-21.904654
-21.863985
-22.917307
-10.866634
-16.759327
-20.339449
-26.785273
-21.281898
-20.897684
-15.375298
-22.943676
-21.167917
-18.396244
-12.464074
-19.748478
-23.083853
-19.271757
-17.17473
-17.846756
-25.095652
-22.587086
-16.636646
-19.754967
-19.859371
-23.662949
-13.928011
-18.785458
-24.016832
-18.732254
-15.457459
-22.54056
-18.061207
-19.595709
-14.22727
-22.402376
-14.378797
-14.098063
-15.10513
-19.318188
-17.57197
-12.041319
-17.65967
-22.043398
-17.96864
-18.289648
-21.054707
-23.396372
-19.036205
-17.182846
-21.112747
-13.839593
-16.36373
-22.613651
-20.704567
-23.946203
-9.196046
-10.891521
-13.644306
-12.436806
-9.992713
-8.791365
-8.927299
-7.2970867
-7.6051598
-9.53758
-9.797165
-7.373642
-8.479442
-10.288924
-8.399586
-7.3269615
-10.568741
-10.431761
-10.502492
-9.676898
-8.973366
-13.441786
-9.276402
-10.699262
-8.347943
-11.146099
-11.9197
-11.489928
-10.695689
-9.599457
-12.556148
-11.097787
-10.941144
-10.152318
-9.812445
-12.0433855
-11.113441
-13.541147
-11.164273
-13.673244
-13.069854
-11.514246
-11.231507
-11.1423
-11.448174
-10.983337
-11.189307
-10.762743
-10.548658
-10.196002
-10.718622
-11.626245
-12.107258
-9.198527
-11.171872
-10.344268
-10.88648
-10.038609
-10.170702
-11.697133
-11.873536
-9.933608
-11.679799
-9.729528
-13.631634
-17.8146
-32.19589
-29.235748
-20.152765
-12.870725
-14.15065
-18.362343
-24.470087
-20.156734
-19.40833
-16.887938
-18.629984
-19.745327
-22.833233
-13.448396
-13.942093
-17.314598
-24.798103
-19.376171
-19.400368
-19.864685
-24.424868
-23.29104
-20.96125
-12.906423
-19.802103
-17.326904
-18.566633
-14.08996
-17.507362
-25.108515
-22.496208
-18.808804
-21.957035
-20.974413
-25.22042
-16.622292
-16.416006
-23.300406
-17.51996
-15.494273
-20.433767
-21.609316
-20.937504
-14.083464
-22.319277
-12.501883
-12.268465
-14.1742
-19.903172
-21.611084
-12.266408
-15.356733
-22.65641
-17.819035
-15.425733
-21.144037
-24.90499
-15.41825
-17.001907
-24.974539
-14.760183
-16.828629
-23.736343
-19.998184
-23.062674
-12.112
-9.11229
-13.701516
-13.335586
-10.267278
-9.197805
-9.778767
-7.2606325
-6.3376436
-9.63003
-9.931511
-7.7916374
-9.076724
-10.807645
-7.9407187
-8.27105
-9.972253
-10.272313
-11.411464
-8.505401
-9.735689
-12.331622
-9.320033
-10.69847
-8.180642
-11.793544
-12.102936
-12.699007
-10.385899
-10.8798065
-11.779472
-12.704758
-10.642163
-11.22059
-8.658601
-12.259918
-10.564144
-13.187019
-10.585799
-12.430037
-13.167476
-12.572852
-10.516155
-10.8048935
-11.249834
-10.885903
-10.19104
-10.205304
-10.048984
-10.025909
-9.513907
-11.648136
-11.567657
-8.670308
-10.460983
-10.058448
-11.748182
-10.48007
-10.360025
-12.462089
-12.781926
-12.612695
-11.903265
-9.169581
-12.65684
-15.988486
-30.679867
-27.226582
-24.569506
-19.100327
-22.806526
-23.267443
-24.501238
-15.587631
-7.2101326
-8.060569
-11.831866
-18.057344
-20.81749
-14.028207
-19.25076
-22.080688
-27.811207
-22.52309
-17.020948
-17.978914
-20.373957
-22.75069
-19.35688
-13.338465
-17.985182
-22.612553
-23.16503
-16.253487
-17.33202
-23.402779
-23.040632
-19.495743
-17.772154
-22.5946
-27.837608
-15.925835
-16.875954
-18.836548
-18.156303
-16.559862
-20.581085
-22.037067
-19.63882
-14.414396
-22.771748
-12.383297
-14.043134
-15.614239
-18.678125
-21.557201
-13.142855
-12.855054
-23.142738
-20.337486
-14.0402975
-23.60114
-25.825775
-15.829681
-17.690582
-20.798033
-13.385307
-12.367438
-23.220982
-20.488787
-25.262953
-15.489346
-10.20383
-13.818715
-13.038544
-10.476402
-9.245745
-9.864129
-7.677287
-6.6654797
-9.679932
-9.143225
-7.110998
-8.56902
-9.941843
-8.489881
-8.310888
-9.992047
-9.930557
-12.088587
-8.60878
-9.124813
-11.922162
-9.509935
-10.489818
-8.349427
-11.771407
-11.475675
-11.398975
-10.056781
-11.09129
-11.753994
-12.61117
-10.516758
-10.91934
-8.221488
-12.331124
-9.7755575
-13.286144
-11.386606
-12.75928
-13.68489
-13.397632
-9.751274
-10.585807
-9.346309
-9.692337
-11.525393
-11.396208
-11.733997
-10.64077
-9.429048
-12.227845
-11.576948
-8.841215
-10.916797
-10.173783
-11.7802515
-11.110778
-10.23685
-12.783349
-12.064785
-10.7284565
-11.389972
-9.120508
-12.079172
-14.119446
-33.0601
-28.375095
-22.857132
-10.140783
-19.030602
-16.346266
-24.681875
-18.217596
-19.973606
-14.350657
-23.440475
-20.885765
-22.343363
-13.085903
-16.242735
-17.350317
-24.803267
-18.478918
-18.689861
-16.282312
-23.821838
-21.442636
-18.519087
-12.925016
-19.649586
-22.50199
-20.9151
-19.894659
-15.606609
-24.206049
-18.864168
-15.899579
-18.384422
-21.141396
-24.504524
-14.305971
-20.517813
-26.579203
-18.952242
-15.290221
-21.44037
-20.37476
-19.642748
-16.49329
-25.012531
-21.550842
-16.02923
-17.23327
-22.082722
-19.933586
-10.463784
-11.949579
-20.733917
-15.73039
-13.63712
-18.324215
-24.355501
-15.774071
-17.734509
-25.523245
-16.21886
-19.95615
-23.557224
-19.586094
-23.434578
-12.252164
-10.011197
-15.425602
-15.717744
-13.588037
-13.625968
-14.391796
-12.7567625
-12.55785
-16.615946
-15.735596
-13.815863
-16.229244
-16.849052
-15.575687
-15.09395
-17.385176
-17.85233
-19.411827
-16.779654
-18.179785
-20.07923
-18.053661
-19.120792
-17.224232
-20.958513
-20.994982
-20.5154
-20.029432
-19.790955
-22.214579
-21.234217
-20.996784
-19.813648
-21.001034
-23.252972
-23.371088
-23.526573
-22.439472
-24.136522
-23.125883
-20.896172
-18.264584
-18.542068
-15.570472
-12.689406
-15.218111
-13.121745
-11.673428
-8.808592
-8.160174
-8.961453
-8.515418
-6.685158
-6.6059732
-7.565442
-5.98446
-7.295513
-7.585927
-7.7864857
-7.959463
-6.9088774
-7.6514406
-7.0272293
-6.113699
-5.182845
-11.979736
-8.124942
-9.7166815
-7.007166
-7.719928
-11.174565
-14.938381
-16.071346
-8.601219
-7.908291
-8.470224
-11.582955
-9.252897
-9.478581
-7.850889
-13.240024
-12.004176
-18.219856
-8.814238
-12.455985
-11.133163
-19.05324
-13.7178
-10.069833
-10.145528
-11.63944
-20.776264
-10.311203
-15.281558
-16.659187
-17.529541
-15.367318
-10.268647
-16.713747
-20.49405
-12.427649
-16.38898
-15.990657
-16.88419
-12.502674
-15.600019
-22.327255
-16.435606
-10.65539
-21.544376
-11.305852
-15.0803585
-13.161823
-20.644129
-25.318165
-14.402404
-15.108759
-20.252943
-14.072379
-17.139025
-22.317526
-25.330713
-15.79066
-18.158348
-25.247246
-13.082325
-15.986159
-24.813183
-20.500473
-24.422037
-14.533715
-9.656986
-15.231989
-15.49319
-13.838047
-12.833957
-14.6398325
-12.446031
-12.364157
-16.144983
-16.2817
-14.760053
-15.686435
-16.094736
-15.843818
-14.967822
-17.406162
-17.522112
-18.969675
-15.722842
-18.508852
-19.91647
-17.91623
-18.914925
-16.8474
-21.05212
-20.22349
-21.063494
-19.773
-20.327122
-21.811975
-21.16462
-20.362669
-20.593248
-19.814512
-23.43686
-22.376093
-23.999453
-22.367134
-24.321825
-23.303793
-21.636362
-19.44024
-21.01901
-14.860158
-11.25532
-13.331762
-10.886506
-11.785293
-8.984291
-9.522069
-9.793717
-9.8077755
-7.381974
-7.350189
-9.238596
-6.8384895
-7.920286
-7.375778
-8.839107
-7.916093
-7.3994083
-7.9568243
-7.7344036
-6.9389544
-5.353739
-12.736029
-9.882089
-11.019617
-7.6623297
-7.954253
-13.284775
-19.632835
-21.435501
-18.891542
-19.63244
-16.009624
-15.723449
-14.878326
-12.766393
-9.823175
-11.343825
-13.095167
-19.63504
-11.122092
-12.348365
-9.115342
-17.285236
-11.005473
-14.172603
-8.667488
-11.236367
-7.4800444
-2.5094538
-3.331604
-3.7031279
-8.552013
-7.232891
-5.6861534
-16.74556
-23.781748
-13.225185
-17.57108
-15.215984
-14.658195
-11.644337
-15.717292
-24.195265
-15.876009
-13.103423
-22.480001
-12.89199
-14.769396
-14.74787
-20.930239
-25.177488
-11.822792
-13.779345
-20.609722
-14.546233
-17.35047
-20.732574
-23.184998
-15.978214
-18.392757
-21.614138
-16.074198
-15.998065
-22.58623
-23.401478
-24.154774
-18.08086
-9.733069
-14.7722645
-15.586738
-14.587168
-12.891097
-15.12073
-13.010782
-12.698247
-15.207518
-15.64279
-14.397158
-15.345244
-15.872566
-15.962372
-15.042781
-15.356359
-18.004353
-19.189526
-15.987485
-18.396727
-17.450783
-20.23198
-18.22853
-17.93598
-20.28452
-20.337614
-22.20649
-18.776245
-21.400208
-21.696913
-24.17352
-22.035606
-22.683279
-20.560429
-23.978212
-22.335598
-24.791967
-22.31838
-24.05715
-23.494226
-22.45057
-16.697124
-17.627483
-16.003876
-11.493879
-9.440379
-9.020039
-9.283107
-6.973405
-5.4296513
-6.5191536
-5.548257
-4.810974
-4.7130613
-5.6810675
-4.146265
-4.90913
-5.1377697
-7.9760933
-5.164983
-6.4469795
-7.215685
-6.2304554
-5.6973248
-3.6289282
-2.593728
0.7128515
0.66747856
0.2756405
0.15263653
0.47583485
0.3352213
0.37996006
0.24155045
0.7305727
-0.8595619
-7.4178658
-9.590986
-13.5589075
-12.796117
-22.990936
-26.002743
-26.738346
-20.247818
-20.786875
-19.863901
-22.067635
-18.533113
-12.766473
-15.6131735
-21.943827
-24.757492
-18.973528
-20.058062
-20.808578
-23.108274
-20.5524
-13.682217
-20.781666
-22.053743
-20.101435
-18.85595
-22.124186
-22.630602
-16.814451
-17.331873
-27.29062
-18.119667
-16.415394
-19.70652
-12.490938
-12.8279
-11.929578
-13.892905
-20.261864
-10.850567
-11.433888
-19.73097
-15.939085
-16.814852
-20.690767
-22.38793
-17.562582
-19.516743
-20.023718
-16.023619
-15.735475
-21.754839
-24.087532
-23.291397
-20.235947
-8.16738
-12.311958
-12.865378
-10.621276
-8.82777
-9.176641
-7.816077
-6.345829
-8.922018
-7.8399277
-7.452793
-8.559531
-7.843376
-9.353265
-7.8129797
-7.944355
-10.711109
-11.568428
-8.108519
-11.24661
-9.439769
-11.121194
-9.804463
-8.632592
-11.197419
-10.881451
-13.735061
-9.047214
-12.148648
-8.289839
-14.35366
-9.364591
-11.824961
-8.019015
-11.395637
-10.838752
-12.538673
-12.09668
-11.012386
-13.720612
-13.767899
-9.661647
-9.788799
-12.28015
-10.471339
-11.543857
-11.902226
-14.074448
-10.765875
-9.981378
-11.516313
-11.244653
-11.174014
-10.183172
-11.847477
-12.066456
-11.687644
-10.872706
-12.563505
-12.217577
-13.904056
-9.867971
-12.513055
-9.779278
-12.961002
-21.727146
-29.411604
-27.218313
-14.914047
-18.395214
-18.671759
-23.536728
-22.991394
-13.001826
-14.231767
-13.74024
-23.167074
-22.208414
-20.621
-11.092398
-20.285877
-19.79152
-27.811028
-16.228487
-19.003452
-16.338991
-23.914293
-19.01832
-13.463799
-16.710045
-20.99593
-26.539747
-14.772456
-17.606684
-16.589512
-22.096165
-19.543818
-13.440099
-20.123047
-24.034836
-17.063284
-18.648933
-20.880419
-24.353874
-17.660866
-17.011465
-23.3123
-20.768806
-18.91892
-19.811367
-20.263498
-15.284819
-11.918522
-12.410114
-20.52311
-14.160292
-14.885454
-18.552666
-18.537514
-17.587477
-18.864325
-20.7245
-19.244587
-20.05722
-26.71262
-27.155369
-20.90781
-22.575169
-21.018585
-18.184113
-17.918535
-5.3774033
-11.761639
-15.192957
-14.899801
-13.354343
-14.931173
-13.520709
-13.281096
-13.657877
-16.07192
-15.788449
-14.544686
-15.858038
-17.17805
-15.218105
-15.280039
-17.961555
-18.296198
-16.711647
-18.61369
-16.686428
-20.28366
-17.602139
-18.261084
-19.010344
-19.981539
-21.694471
-18.507025
-20.597475
-19.185104
-23.32528
-20.63085
-22.384146
-20.19964
-23.41261
-21.89307
-24.216383
-21.635054
-22.91514
-23.32917
-23.7695
-24.483723
-23.439688
-19.585443
-15.789115
-10.176775
-8.4675865
-9.238597
-6.460499
-6.619323
-7.8628597
-6.309222
-6.186405
-5.026349
-6.979801
-5.2897367
-6.0310507
-4.236109
-7.130908
-5.356349
-6.319869
-6.4224052
-8.037109
-6.0583696
-5.6234283
-9.19992
-11.030513
-11.832207
-10.05566
-6.4338093
-9.828033
-10.895766
-20.13169
-11.504137
-9.138288
-7.51418
-11.626004
-10.76036
-10.001686
-7.7051296
-12.188152
-13.287549
-20.749846
-14.194663
-14.286357
-10.053596
-17.957125
-14.05563
-13.252803
-9.079654
-15.207384
-15.602322
-11.90762
-11.196792
-12.445058
-19.321781
-8.226882
-3.8985014
-9.217142
-13.381897
-18.652313
-17.418837
-24.10974
-27.682339
-19.881533
-16.97056
-25.092937
-19.646465
-19.896803
-17.776339
-13.432411
-14.706776
-11.416424
-16.824547
-21.897898
-15.075779
-12.3600235
-17.65423
-17.712809
-17.31043
-17.034473
-21.987614
-23.090107
-19.160374
-17.037659
-20.628859
-12.0190935
-18.145042
-22.66958
-19.556192
-20.301987
-8.527654
-11.947516
-14.0013485
-12.702355
-9.792787
-10.057621
-9.101722
-7.8933897
-7.7251835
-9.291548
-10.164293
-8.240374
-9.1890335
-9.727051
-7.6616373
-7.6240816
-9.874614
-10.679983
-9.681006
-10.132933
-9.624435
-12.943608
-9.366602
-10.35902
-10.017255
-11.626961
-12.410655
-10.223545
-10.539468
-9.15096
-13.208104
-10.513898
-11.156423
-9.402449
-9.667545
-12.1772785
-11.35781
-13.572
-10.715282
-14.257263
-13.9112
-9.898584
-9.420127
-10.996553
-12.842737
-11.066651
-11.890672
-12.522138
-10.869057
-11.25714
-11.005375
-10.522592
-11.98831
-9.358112
-11.533285
-12.000509
-11.188347
-11.4297
-11.875109
-11.933621
-11.837634
-9.537339
-12.491508
-9.412745
-13.593623
-17.032373
-31.757515
-26.585426
-18.359425
-11.4576235
-16.600367
-20.786615
-26.485098
-22.402464
-23.552921
-21.677938
-28.245258
-28.67746
-31.763746
-28.021368
-31.13718
-30.436464
-34.3281
-29.278448
-31.554657
-33.04402
-40.40241
-43.0553
-48.27546
-48.90611
-48.95326
-45.054493
-40.715916
-32.68531
-27.155098
-22.897047
-23.05517
-12.751615
-8.462755
-10.74051
-5.0242624
-1.8826895
-9.257735
-14.707572
-10.665816
-1.6866903
-6.8766346
-9.446423
-6.0792065
-5.5197067
-7.5557594
-9.092007
-6.888983
-11.19433
-18.012457
-21.408907
-13.068037
-16.625319
-17.586582
-19.352612
-16.607527
-20.949623
-22.824804
-12.59651
-13.742437
-22.655682
-17.993221
-19.318386
-23.144207
-23.454124
-23.72413
-17.888483
-14.993823
-21.582985
-23.164171
-22.776653
-24.44621
-25.946213
-25.057096
-25.882942
-30.753143
-28.85628
-27.953331
-30.110973
-31.32532
-29.199377
-29.813576
-32.028778
-30.778826
-33.40354
-29.805332
-33.4468
-34.627815
-33.607506
-33.091045
-34.772396
-34.171036
-36.934296
-33.100006
-37.556576
-35.58941
-38.69825
-36.406456
-36.029762
-38.057102
-38.748055
-38.62262
-39.333817
-37.305702
-39.966385
-38.27672
-38.74878
-35.340286
-33.352123
-29.021791
-27.168676
-28.750517
-26.505772
-27.42269
-22.810389
-20.823278
-18.840055
-13.8285475
-14.479393
-12.138255
-13.922362
-13.308214
-13.935428
-18.024225
-14.765298
-17.852789
-14.156883
-13.991626
-14.072713
-12.778412
-13.161118
-9.683929
-14.896111
-8.056892
-7.647193
-4.3334694
-3.0366726
0.33540916
0.40385818
-0.09547043
0.03446102
0.57877445
-0.34871578
0.7971573
-0.028263075
1.7441311
-0.3992939
0.10325527
-0.27564335
-0.0007667575
-0.18932247
0.19703579
-0.20396042
-0.028710365
0.24557686
-0.19172573
0.25639534
-0.2875948
-0.1623373
0.35558414
-0.2056408
0.27105618
-0.40494347
0.46048546
-0.2531519
-0.16223049
0.3290367
0.042386055
-0.6164093
0.12373924
0.17020893
0.6209593
0.16779995
0.748477
0.7499819
-0.16104507
-0.10740852
0.104917526
-0.4184761
-0.31601334
0.10775471
0.08938503
-0.014174464
-0.4250803
0.23055363
0.13631153
-0.29754734
0.25619698
-0.09419823
0.33435917
-0.33444786
-0.77994156
-1.2012548
-1.0865812
-8.630653
-7.7924137
-10.8535595
-7.648926
-0.885232
-8.07037
-8.194896
-7.437522
-6.2419777
-7.8446455
-6.5148535
-6.136306
-9.1799135
-8.437029
-6.792835
-8.845204
-9.3380165
-8.079197
-7.772296
-8.972598
-10.075587
-11.745719
-8.749795
-10.420269
-9.761749
-11.245911
-9.488565
-8.158425
-10.72239
-10.82088
-12.575724
-8.572308
-11.11873
-9.375328
-13.101143
-9.491762
-11.522967
-7.5895767
-12.209696
-10.721674
-13.203763
-12.122517
-11.334276
-13.332717
-12.860566
-8.419069
-10.977234
-10.933358
-10.005692
-12.052858
-11.957491
-12.975785
-10.615789
-10.507286
-11.615647
-11.273938
-12.072331
-10.85172
-11.699543
-12.276649
-11.507052
-10.85381
-11.47963
-11.205949
-12.078963
-10.708601
-10.231898
-9.916758
-12.554677
-26.34898
-28.262735
-23.86725
-14.4581995
-17.585167
-14.796756
-23.000526
-20.800062
-18.69444
-16.49602
-16.50479
-24.14923
-20.83691
-18.83149
-13.729689
-23.606766
-24.019976
-26.545265
-18.076214
-19.067636
-17.385872
-23.333788
Done. Our total time was: 106116ms
ave frequency = 15.8317313129029
Target frequency = 15.625
alpha filter = 0.2
Kp = 0.03
Ki = 0.006
Kd = 0
--------
