0.12998438
0.28265572
0.25020742
-3.1139622
-8.340621
-12.290924
-13.58139
-16.648514
-15.819663
-15.313297
-13.096795
-11.398354
-12.800075
-12.605575
-13.053227
-11.55144
-11.592211
-11.491245
-12.995249
-14.425767
-13.324294
-13.072507
-13.224084
-13.005401
-13.927515
-12.684189
-13.887191
-17.021355
-14.747599
-16.817535
-16.673393
-15.545405
-17.211779
-15.311555
-15.982028
-16.501959
-15.526218
-16.326757
-15.740741
-17.159967
-16.523668
-17.243402
-15.907919
-16.604675
-16.242008
-17.890911
-15.475244
-16.78354
-17.372154
-17.174599
-15.573943
-16.067205
-14.903869
-16.077703
-15.560632
-16.373383
-16.79703
-16.190844
-16.59756
-17.349026
-14.580941
-13.3501215
-12.525604
-11.994321
-12.865627
-12.189558
Done. Our total time was: 8358ms
Samples per timestep8
ave frequency = 7.89662598707825
Target frequency = 7.8125
alpha filter = 0.7
Kp = 0.005
Ki = 0.025
Kd = 0
--------
0.5178747
4.280031
4.188431
4.2643576
-2.5516634
-14.641392
-28.8977
-31.516148
-21.972048
-13.2290325
-2.262847
-0.96475697
-13.69408
-23.02284
-32.68019
-26.551092
-19.587173
-7.5786104
-7.4844465
-8.435125
-18.531647
-25.10304
-28.131832
-19.94904
-16.8367
-11.18675
-11.295615
-9.708288
-16.674137
-18.910063
-23.14539
-20.895325
-17.672733
-15.905934
-12.278024
-16.608078
-15.372101
-13.323894
-12.197837
-10.138897
-7.9983616
-10.303909
-11.213906
-15.682845
-15.254315
-14.905331
-13.065607
-12.960851
-10.70877
-11.762586
-11.774448
-13.974634
-13.302454
-12.768044
-14.9651375
-14.10892
-16.324717
-9.951712
-10.648593
-8.589409
-11.270982
-12.303846
-17.184874
-15.353457
-15.446381
-11.986225
-12.2981825
-11.284201
-13.722608
-23.430555
-20.273664
-18.131235
-17.61097
-10.658368
-12.834315
-17.223864
-18.016008
-23.566952
-20.294952
-17.741692
-12.537724
-11.568856
-14.596369
-20.003866
-23.47072
-20.911955
-17.770212
-15.460733
-13.921086
-16.934252
-16.41607
-18.994486
-15.252113
-17.642021
-13.113844
-16.766224
-15.657909
-18.167503
-20.645544
-16.82452
-19.271935
-17.407152
-10.799916
-10.026615
-7.924445
-7.305689
-13.1920595
-11.924457
-14.7905035
-14.073725
-15.359873
-12.519279
-11.924315
-9.859462
-14.380619
-12.765691
-13.92903
-13.488925
-12.019448
-13.834357
-14.400574
-16.438711
-10.903239
-11.128272
-8.591126
-10.306363
-12.196996
-17.669647
-15.043889
-15.512971
-10.372697
-12.245949
-12.220278
-13.51554
-23.32208
-20.668756
-17.686571
-18.816027
-11.443679
-12.951374
-14.780874
-17.118338
-24.352373
-19.37789
-18.69123
-13.5808735
-11.440244
-15.999027
-18.169317
-23.36875
-21.248491
-19.834858
-14.478545
-13.280138
-14.137595
-17.918224
-18.855852
-15.157399
-19.683352
-14.812272
-16.92804
-14.365351
-18.458601
-17.8211
-16.647043
-18.953976
-19.653128
-12.065334
-11.042694
-7.8297195
-5.7555037
-9.624443
-12.593417
-15.966702
-15.990331
-17.441639
-11.927698
-10.808489
-8.043611
-11.335405
-14.172173
-16.208809
-16.399408
-13.176734
-13.379639
-12.534447
-13.2993765
-9.35645
-10.947811
-11.055375
-12.793094
-12.265591
-16.73987
-13.8969
-14.338759
-10.991658
-13.225197
-13.431568
-13.617545
-20.750196
-20.440943
-17.359615
-18.161036
-13.541833
-14.478531
-15.954679
-15.432381
-20.738243
-19.687895
-20.484
-15.834245
-12.677295
-15.406955
-14.772859
-21.271276
-21.517942
-22.78402
-15.339181
-14.302491
-13.974672
-15.856477
-19.524195
-15.808685
-17.84439
-15.194322
-17.318161
-14.46421
-18.212717
-15.459205
-18.219118
-19.894836
-21.208956
-11.714887
-12.651735
-7.1081285
-6.7745085
-7.967144
-9.84929
-15.310498
-15.800816
-18.66206
-15.199919
-12.101678
-8.392891
-9.115122
-11.045366
-13.3588295
-17.741135
-15.430065
-15.529928
-13.987976
-12.074508
-9.656563
-9.235237
-10.059092
-13.958298
-13.41053
-15.934726
-14.8454075
-14.205844
-9.997924
-11.518913
-12.69188
-15.72304
-21.703
-21.277632
-15.928738
-14.925205
-11.683981
-16.069202
-20.152987
-18.056606
-20.156713
-17.127522
-15.435021
-16.358913
-13.703962
-19.303955
-17.967316
Done. Our total time was: 35367ms
Samples per timestep8
ave frequency = 7.88870981423361
Target frequency = 7.8125
alpha filter = 0.7
Kp = 0.005
Ki = 0.025
Kd = 0
--------
-15.679919
2.5381794
1.2439699
-7.3680058
-18.491083
-24.309956
-28.379274
-25.75611
-12.373133
-8.645969
-4.321863
-4.279892
-8.680748
-12.100615
-18.431261
-15.70858
-17.784824
-11.757202
-12.376133
-8.239091
-10.707044
-11.813291
-13.795078
-17.257462
-13.999729
-14.662161
-13.564142
-12.425203
-10.094333
-10.044532
-10.859387
-13.822998
-13.262486
-15.758627
-14.396246
-14.142391
-9.830026
-11.246708
-13.146458
-16.351704
-22.583448
-21.042068
-13.757613
-14.306
-12.865924
-15.102124
-21.14215
-18.59597
-20.559738
-16.724617
-14.850534
-14.968272
-14.695243
-21.021303
-18.086819
-20.752838
-16.331656
-18.384945
-14.549785
-16.386774
-15.655688
-20.554499
-18.51417
-15.429563
-15.714863
-14.660449
-16.787634
-13.456389
-18.3688
-16.682222
-19.14484
-20.62219
-22.010662
-11.169384
-11.167445
-6.821347
-7.0237865
-9.67399
-12.391742
-16.305065
-14.618209
-15.526273
-12.506873
-13.292619
-10.519953
-10.424264
-13.345343
-12.509394
-14.302309
-14.218164
-14.715352
-14.387621
-12.542369
-12.729302
-10.181536
-9.785206
-11.845625
-11.745474
-15.958378
-14.447894
-15.403133
-11.658272
-12.715304
-12.184798
-13.304557
-18.964037
-23.525154
-17.555708
-16.685673
-12.000178
-11.518252
-18.167402
-18.139288
-22.2548
-20.567371
-16.543653
-16.121141
-11.984093
-15.61245
-15.743536
-22.434408
-19.154242
-22.400328
-15.262442
-14.600263
-12.304194
-18.541082
-20.8496
-17.84908
-15.06242
-14.145958
-16.423203
-14.568211
-19.909643
-15.544095
-18.153475
-19.009962
-20.103683
-11.930539
-13.677076
-8.636251
-8.5401
-9.106894
-11.199444
-14.695138
-14.540497
-14.165197
-12.9756975
-13.791256
-12.685396
-11.726789
-12.84605
-11.765224
-14.291066
-13.235833
-12.283818
-14.340497
-14.130436
-15.104563
-10.869533
-9.907584
-10.240949
-12.313024
-14.284571
-13.697348
-14.217129
-13.662785
-14.420801
-12.962147
-12.273365
-15.832143
-24.38828
-15.96832
-16.973228
-14.512653
-12.756003
-17.598993
-17.855654
-19.00825
-21.259253
-16.946625
-17.813309
-12.655498
-16.305649
-16.205154
-19.748259
-17.421024
-19.546606
-18.678356
-17.812054
-13.113889
-18.146477
-17.30228
-18.480589
-14.743545
-16.153896
-14.861527
-17.172327
-17.37156
-16.383974
-18.109072
-16.595015
-20.442347
-17.103827
-13.729428
-8.725068
-7.4133987
-8.057563
-10.791114
-13.018974
-14.568149
-15.839357
-15.169283
-12.19422
-11.057248
-10.059406
-13.351064
-13.176732
-14.7760315
-14.365042
-12.822314
-13.356431
-12.991079
-14.421451
-10.458445
-12.018676
-10.630709
-11.934692
-13.549978
-14.400886
-13.763186
-13.364541
-12.858888
-14.071735
-13.445856
-15.141841
-22.148209
-17.154108
-17.001802
-16.01541
-13.606358
-16.837996
-17.491344
-17.756153
-21.074114
-16.284554
-16.870255
-12.739813
-17.346548
-18.526224
-20.832506
-19.108652
-17.353039
-15.526848
-16.674965
-14.294347
-19.137894
-18.420368
-19.22674
-14.27471
-15.023492
-12.637325
-17.599579
-17.648417
-18.64265
-20.173908
Done. Our total time was: 33805ms
Samples per timestep8
ave frequency = 7.86865848247301
Target frequency = 7.8125
alpha filter = 0.7
Kp = 0.01
Ki = 0.025
Kd = 0
--------
-13.166191
3.9828281
3.6582632
1.8733034
-6.0740976
-15.21974
-19.07072
-19.390928
-16.554312
-13.168658
-9.81328
-8.396754
-9.46309
-13.387341
-13.238561
-14.751146
-14.819826
-14.316053
-10.542178
-12.056952
-13.501563
-16.05099
-20.081505
-21.05037
-11.879894
-13.932441
-16.294544
-18.305763
-21.192001
-15.097395
-16.473377
-16.487095
-16.789026
-19.245964
-14.227859
-18.269918
-16.420677
-19.417288
-16.502335
-19.954805
-17.372795
-17.501247
-14.783567
-18.530989
-19.478579
-17.253368
-13.347759
-13.0123005
-17.692175
-16.014978
-20.602785
-16.369862
-17.669102
-18.095697
-18.966883
-11.049454
-13.352736
-10.217466
-9.584544
-10.03078
-11.568076
-14.243012
-12.922802
-14.835475
-13.115253
-12.383909
-11.765947
-11.711346
-14.062899
-13.801398
-14.54666
-12.0744505
-12.45083
-14.318735
-14.914057
-14.493033
-9.40792
-8.958657
-10.408004
-13.151114
-15.468572
-13.670512
-13.804402
-13.532349
-13.0436535
-13.02071
-12.493184
-15.775723
-23.863354
-16.618849
-16.204475
-14.741958
-14.101158
-19.335838
-17.592075
-17.296532
-18.297947
-15.603014
-17.188103
-16.50914
-20.02589
-17.021381
-17.143871
-14.558898
-19.43589
-17.888083
-17.740717
-15.10467
-20.890259
-18.874128
-16.589062
-13.00626
-13.827878
-16.734015
-16.95921
-19.260489
-17.504145
-17.43249
-16.119871
-20.879295
-13.957927
-12.865768
-9.782254
-8.786984
-8.918997
-11.60206
-14.036313
-14.686419
-14.461034
-12.477319
-12.331369
-12.197311
-12.063661
-14.731586
-13.103893
-13.161151
-12.629892
-11.273499
-13.637704
-14.463658
-15.264375
-11.174455
-11.253359
-10.495115
-11.212783
-13.84652
-13.980377
-13.257208
-13.425692
-14.265259
-15.4514
-12.108322
-12.07444
-22.579035
-17.559446
-18.531021
-18.317183
-13.355443
-14.547415
-15.157334
-17.485153
-22.576208
-18.48382
-17.565763
-11.567362
-16.78367
-18.300882
-21.80139
-16.89766
-17.523468
-16.997736
-17.510757
-13.548049
-18.533236
-18.529425
-19.059021
-15.5049095
-15.677608
-12.855434
-16.63973
-18.819487
-18.505476
-19.450907
-15.4193125
-17.041704
-14.229114
-14.835813
-11.946354
-10.460737
-8.204791
-11.073752
-11.970353
-13.765536
-14.194902
-14.875692
-13.071238
-13.228473
-10.9558115
-13.584348
-11.98541
-12.833688
-12.2784815
-11.59855
-14.503368
-15.738467
-16.49718
-9.979223
-9.198836
-8.837048
-11.72121
-15.35918
-16.112804
-14.903009
-12.988407
-10.923289
-13.745738
-13.426925
-13.831708
-22.495646
-18.265467
-16.140268
-15.867884
-13.969381
-18.376465
-17.39734
-16.954386
-18.806648
-16.462618
-17.164524
-13.208766
Done. Our total time was: 29134ms
Samples per timestep8
ave frequency = 7.89455618864557
Target frequency = 7.8125
alpha filter = 0.7
Kp = 0.02
Ki = 0.025
Kd = 0
--------
-11.437486
3.6069555
1.042203
-12.976423
-24.009481
-21.885424
-18.670237
-14.45736
-13.546762
-18.963009
-21.984013
-10.542116
-9.711527
-10.349172
-10.975442
-12.773271
-12.268767
-14.021094
-12.692922
-13.607232
-12.189549
-12.223835
-11.234461
-12.212631
-14.36494
-14.241533
-14.679349
-12.1620865
-13.104794
-14.496769
-14.444829
-10.273655
-9.88255
-11.687129
-13.725137
-12.338876
-13.517169
-12.88592
-14.783303
-11.866915
-12.820246
-15.246032
-15.452679
-19.242752
-16.407398
-11.384651
-17.04616
-20.265314
-18.618788
-17.282019
-11.038886
-16.954914
-20.09185
-20.001486
-17.33486
-12.242282
-16.337301
-18.48831
-22.299442
-18.696629
-16.945738
-11.529523
-17.564453
-20.735205
-21.432188
-16.747578
-10.081775
-15.455344
-17.6666
-18.657139
-14.6135845
-18.243849
-18.060387
-16.780771
-18.417942
-20.216858
-10.547904
-11.842341
-10.786114
-10.937019
-12.333011
-12.089614
-13.822941
-11.403679
-13.567111
-12.527549
-13.408689
-12.093445
-11.653529
-12.822284
-14.060573
-15.083728
-12.722745
-11.362652
-14.904699
-15.056255
-12.097151
-9.158328
-10.431559
-14.203659
-13.954609
-13.737689
-11.753174
-13.33331
-12.506973
-13.698136
-13.7134285
-14.977133
-18.725563
-19.122698
-11.872963
-14.156878
-19.783709
-18.910046
-18.514734
-12.4187565
-16.653126
-20.141426
-18.199707
-17.5888
-14.027815
-17.263327
-17.289698
-18.452324
-16.519205
-19.906605
-18.454369
-17.165241
-14.3217125
-19.681314
-18.647934
-14.541535
-13.20379
-16.648073
-19.112705
-16.286863
-17.314638
-15.883467
-17.70726
-18.534367
-19.916695
-10.07191
-12.249958
-12.48198
-11.429691
-11.808586
-12.389988
-13.39073
-11.36064
-11.936259
-13.079414
-14.992212
-12.869236
-11.537377
-13.719732
-13.034257
-13.863397
-12.844303
-12.298477
-14.162077
-14.115588
-13.544496
-10.453054
-10.107323
-11.893506
-12.6806755
-13.869438
-12.743144
-14.084832
-13.641532
-12.836114
-12.883226
-12.989237
-17.535704
-23.540657
-13.724274
-11.784246
-16.576702
-18.628685
-20.822302
-14.753149
-13.817652
-18.145037
-20.082434
-20.303148
-12.654339
-16.796818
-18.289165
-19.052917
-14.890211
-18.053535
-18.021067
-19.709694
-14.783642
-18.737541
-20.300856
-16.34266
-12.025266
-13.279571
-17.928305
-18.63486
-19.594625
-15.873623
-16.054718
-17.245922
-20.474419
-14.023523
-12.2011385
-11.34507
-11.895661
-10.887342
-10.453513
-12.156343
-13.894999
-13.575565
-13.200948
-12.364335
-11.689408
-11.788763
-15.082075
-13.183117
-12.659053
-12.706339
-12.872536
-14.418562
-14.892985
-14.636599
-9.110034
-9.090974
-11.44986
-14.544086
-15.667523
-13.247406
-10.635609
-12.634771
-14.439133
-15.149931
-11.447945
-13.475497
-22.412563
-18.02161
-13.850262
-15.90715
-17.090681
-19.766146
-16.357708
-13.940542
-17.268574
-17.486574
-20.11742
-16.287155
-16.345354
-16.980646
-18.962036
-19.11059
-16.788939
-14.8592
-18.205297
-17.204117
-20.360804
-17.25221
-16.60934
-13.609021
-16.281134
-14.926374
-18.346046
-17.4413
-16.539846
-17.874956
-15.923946
-19.090193
-18.033392
-13.544156
-10.954441
-10.296938
-8.742386
-13.150648
-12.722905
-13.3389225
-11.333272
-13.03665
-12.884188
-13.600422
-12.8110485
Done. Our total time was: 36007ms
Samples per timestep8
ave frequency = 7.8873552364818
Target frequency = 7.8125
alpha filter = 0.7
Kp = 0.04
Ki = 0.025
Kd = 0
--------
-10.801526
3.8470755
3.2917814
3.096056
-2.4635563
-13.372672
-14.390053
-7.6837864
-7.3137646
-19.70458
-27.052994
-9.192883
-1.2219028
-24.575092
-30.660954
-9.732973
1.4326477
-22.589357
-33.227524
-11.520198
-2.2012873
-18.44132
-32.79066
-17.551868
-2.4841678
-15.010951
Done. Our total time was: 3218ms
Samples per timestep8
ave frequency = 8.07955251709136
Target frequency = 7.8125
alpha filter = 0.7
Kp = 0.08
Ki = 0.025
Kd = 0
--------
0.23553562
2.1675415
2.0616674
2.1252809
2.0191503
-0.59149694
-6.1928
-13.995612
-19.715075
-18.373854
-15.452856
-16.451424
-14.6943655
-15.456573
-16.454268
-14.885041
-16.974855
-17.00274
-17.072828
-16.407738
-15.843232
-17.369379
-15.354497
-16.651249
-15.453189
-17.353008
-16.152163
-16.749054
-15.967025
-17.300179
-17.008615
-15.49116
-16.654045
-15.438341
-15.993416
-14.355138
-16.881498
-15.435983
-15.999223
-17.442486
-17.520966
-14.43966
-14.898149
-12.945584
-12.8220625
-12.373777
-12.362471
-12.590576
-12.146569
-12.332047
-12.687852
-12.491102
-13.044096
-13.414264
-14.062453
-12.283713
-12.709294
-12.7484
-12.738015
-13.694194
-13.043605
-13.303161
-12.822867
-12.323144
-12.388798
-12.302741
-13.406145
-12.683193
-12.890797
-13.488271
-13.457717
-13.939572
-13.456495
-15.203655
-16.700514
-14.947314
-16.36054
-16.075974
-15.872926
-17.008112
-16.33631
-16.698658
-16.713602
-16.411116
-16.898647
-15.997098
-17.00879
-15.695092
-16.73384
-15.803489
-17.017021
-16.059343
-17.871126
-16.552637
-17.475863
-16.661465
-14.821842
-15.762027
-16.28853
-16.81647
-15.669554
-17.178246
-15.630604
-15.8143015
-16.536692
-17.184343
-14.841241
-14.413919
-12.945152
-13.415084
-12.671871
-12.731121
-12.434066
-12.329489
-12.437906
-12.518504
-12.478661
-12.38446
-12.894222
-13.456305
-12.62877
-13.492804
-12.755358
-12.951995
-13.213377
-13.4378605
-14.169968
-12.465073
-12.595989
-12.183388
-12.280023
-13.3236885
-12.677899
-13.763706
-13.050038
-12.999521
-13.269362
-13.51721
-15.110219
-16.921518
-15.574288
-17.272022
-15.2638
-16.046806
-16.847206
-15.523477
-16.929884
-15.80495
-16.612896
-17.034563
-16.404135
-17.883924
-15.825477
-17.089764
-16.127697
-17.539848
-16.537422
-17.165174
-16.491964
-17.185497
-17.448017
-16.027006
-16.175724
-16.676704
-16.430565
-15.179354
-16.885366
-15.576555
-16.338882
-16.843071
-17.701149
-15.099759
-14.793777
-13.536846
-13.055059
-12.02129
-12.422908
-12.53909
-12.607593
-12.417281
-12.082496
-12.529814
-13.07543
-12.716508
-14.191381
-12.725443
-13.27764
-12.39508
-12.692013
-13.380173
-13.377625
-13.735852
-12.075513
-12.9776535
-12.215071
-13.021599
-12.924157
-13.11341
-12.897828
-13.440388
-12.945508
-14.099381
-13.522508
-13.815897
-16.919413
-15.962912
-17.65527
-16.047413
-15.481589
-16.48771
-15.865672
-16.631187
-16.547403
-16.231264
-16.758223
-16.417742
-17.907303
Done. Our total time was: 27603ms
Samples per timestep8
ave frequency = 7.86146433358693
Target frequency = 7.8125
alpha filter = 0.7
Kp = 0.005
Ki = 0.025
Kd = 0
--------
-15.046923
0.38552856
0.7642498
-0.87772036
-4.105391
-7.383962
-9.691453
-10.740971
-12.120905
-10.345177
-11.012821
-11.218044
-10.791263
-11.206268
-10.768062
-11.399496
-12.741735
-12.214246
-11.745199
-10.753896
-11.4096775
-11.566645
-12.256332
-12.261797
-12.219522
-12.828946
-12.384838
-12.74234
-12.630955
-12.471067
-14.095615
-15.14211
-14.63527
-15.802547
-15.481546
-15.41321
-16.538181
-15.1118
-16.063911
-15.714832
-17.45164
-16.88322
-15.527433
-16.965107
-15.668664
-16.678343
-15.691593
-17.836515
-16.634071
-17.912968
-16.177502
-17.242159
-17.543007
-15.261741
-16.428339
-15.110208
-15.871328
-15.801563
-17.542612
-15.806148
-16.85884
-17.48339
-17.75026
-15.542192
-14.907968
-13.499847
-13.29367
-11.871932
-12.434115
-11.806552
-12.623121
-12.813157
-12.7158165
-12.530653
-12.378613
-11.822499
-13.532407
-13.131336
-13.338776
-13.968654
-12.592024
-13.399513
-13.61325
-13.4773855
-11.702775
-12.815694
-12.21114
-12.955148
-12.861808
-13.877756
-13.002795
-12.965295
-13.086915
-14.270061
-13.385909
-13.918803
-16.749893
-15.2283
-16.906178
-16.546495
-16.896421
-17.42713
-15.894717
-16.775608
-16.413782
-16.5387
-17.32052
-15.645324
-17.826397
-16.402515
-18.003504
-16.166206
-17.82435
-17.214079
-17.461433
-16.08431
-17.449234
-17.714798
-16.573519
-14.729589
-15.858908
-15.732954
-16.303055
-17.258387
-16.6105
-17.27662
-16.71506
-17.230225
-17.003252
-13.727076
-13.344916
-14.1010475
-12.78589
-12.940038
-11.747923
-11.997664
-12.194074
-13.129291
-12.326535
-13.069728
-12.520218
Done. Our total time was: 17887ms
Samples per timestep8
ave frequency = 7.88281992508526
Target frequency = 7.8125
alpha filter = 0.7
Kp = 0.01
Ki = 0.025
Kd = 0
--------
