-0.5655937
-1.6267338
-8.1562395
-6.162549
-6.4895697
-9.083923
-8.286522
-8.931152
-11.397127
-13.734267
-14.480207
-12.800833
-15.25635
-15.803969
-13.681463
-12.207257
-13.885652
-13.593115
-9.4527025
-11.241519
-9.841784
-13.518855
-11.22633
-11.341658
-12.243806
-13.715088
-15.703078
-12.198572
-13.907651
-12.007128
-16.235624
-13.870555
-14.365456
-11.179469
-12.460222
-13.442419
-13.917688
-14.64027
-12.459896
-15.286948
-13.708915
-10.651002
-12.328217
-12.884344
-13.548536
-10.1315565
-11.431814
-12.920369
-11.858133
-15.221344
-15.824428
-13.715689
-9.752769
-11.913166
-11.234625
-16.2472
-13.045781
-15.446813
-13.170656
-14.968191
-13.877715
-13.163741
-15.290462
-10.803729
-13.525579
-22.125069
-33.94538
-30.186672
-19.88382
-10.66692
-9.123692
-8.926184
-16.526184
-9.041627
-10.2564
-14.135359
-27.81269
-27.995907
-29.274414
-18.298967
-19.852106
-10.768798
-17.783348
-6.187416
-7.3449316
-8.307311
-24.094107
-22.818302
-25.943806
-18.535166
-24.566065
-25.872908
-16.514927
-12.020123
-9.775774
-16.071207
-11.761375
-12.376023
-21.338005
-25.601843
-21.777813
-20.63915
-19.146795
-19.641344
-12.832108
-10.770639
-19.234764
-8.620392
-12.451508
-16.421001
-14.750182
-15.132762
-12.98876
-15.594583
-25.308153
-14.406197
-14.984945
-20.09084
-16.103914
-13.717387
-19.387646
-19.069172
-16.76636
-12.520684
-16.560116
-15.059613
-12.00119
-15.339057
-19.322132
-21.691568
-20.555603
-5.755686
-10.716178
-11.26662
-9.2778845
-7.888397
-9.196977
-8.995695
-8.465178
-11.679677
-12.51655
-13.068583
-13.375927
-13.957583
-15.00591
-14.109346
-12.394573
-16.325636
-15.646147
-10.893605
-13.079835
-9.653254
-13.524101
-10.872494
-10.830146
-11.34685
-13.027524
-15.0092125
-12.414954
-14.070935
-12.1111965
-16.452671
-13.253551
-15.448454
-11.403786
-13.189414
-12.849505
-13.441668
-14.81088
-12.148499
-15.800854
-14.463606
-10.49277
-14.627157
-15.297879
-12.958202
-10.215715
-9.877734
-15.1558
-12.993034
-13.590512
-11.921536
-12.413285
-13.09811
-10.63068
-13.125567
-16.309696
-15.726166
-16.011066
-15.162544
-17.862122
-14.99855
-11.591389
-11.466139
-9.280415
-12.280499
-21.13822
-32.190556
-28.359755
-20.274033
-17.181875
-11.873028
-14.150366
-15.555653
-9.374789
-9.562191
-8.157091
-23.391356
-24.350103
-26.95184
-21.415934
-22.81124
-16.345919
-20.902906
-9.426608
-8.620906
-7.448847
-18.276962
-17.275095
-19.526112
-15.563831
-23.801369
-27.615604
-22.83456
-20.58519
-9.85683
-15.345441
-11.060927
-9.303997
-18.786139
-19.867483
-23.394993
-21.743547
-22.87739
-21.644285
-13.1711445
-8.833931
-15.72202
-12.695018
-10.891901
-14.600203
-13.838321
-14.88917
-12.782054
-16.143106
-24.819138
-16.331327
-20.72773
-14.473707
-16.568686
-13.642615
-17.32985
-17.842253
-16.838602
-12.635237
-14.832302
-18.772995
-11.085532
-16.26293
-22.486633
-19.70238
-19.717398
-5.05474
-10.007183
-12.032867
-9.959548
-7.552308
-9.008831
-8.993553
-8.073209
-10.693359
-12.071186
-12.427653
-13.566415
-12.954027
-15.663674
-13.337803
-12.47506
-15.241284
-15.831533
-12.802939
-13.433724
-10.94196
-15.125054
-11.165983
-11.688569
-10.195402
-12.686693
-14.391519
-12.305599
-14.12178
-12.483966
-16.33121
-13.717333
-14.793414
-12.119139
-11.077709
-12.873887
-13.476614
-15.145219
-12.980008
-16.097338
-16.19101
-13.613169
-13.888446
-15.194552
-16.877188
-12.740819
-10.892262
-12.444434
-11.308117
-10.626568
-14.415297
-17.393492
-12.25469
-11.562337
-12.815744
-14.086704
-14.534003
-16.470882
-16.515831
-13.552702
-17.222908
-11.698818
-16.286188
-11.918263
-15.024286
-17.698763
-30.506006
-25.379446
-20.762356
-13.251338
-12.1731205
-16.931492
-21.024246
-12.027228
-11.116601
-10.080777
-18.542849
-21.335104
-22.306576
-15.938034
-20.52417
-18.80954
-23.172398
-14.400066
-10.09949
-10.176044
-18.299526
-17.992353
-17.846386
-14.506245
-22.601349
-24.877935
-19.442007
-16.868925
-11.510679
-19.522882
-13.449144
-10.499944
-16.984425
-21.248964
-21.684381
-19.179148
-19.369526
-22.904188
-16.234505
-11.76507
-16.080832
-14.125804
-8.43802
-14.37034
-13.622722
-12.221363
-11.3336115
-14.593019
-19.175905
-18.31195
-15.709251
-14.400149
-17.307474
-13.3234415
-17.746552
-19.932302
-19.82393
-16.045862
-13.153586
-18.551985
-11.260567
-17.599493
-20.787512
-18.542416
-19.545773
-5.5153227
-8.600336
-11.817398
-10.054679
-7.149828
-8.546834
-8.775602
-9.003517
-11.048937
-12.833285
-14.059915
-14.690603
-14.786367
-16.354544
-13.660381
-10.579664
-15.128358
-13.744351
-11.741009
-13.3062525
-10.789806
-14.991877
-11.17714
-11.38644
-11.661892
-13.8629875
-15.079185
-12.359949
-13.728513
-11.606264
-16.289167
-12.482169
-13.76726
-11.20691
-11.931017
-13.976803
-14.1336975
-16.049133
-13.267634
-16.292784
-15.876352
-13.654996
-12.291312
-13.368695
-13.767994
-12.70442
-12.023465
-13.579252
-12.341023
-11.894363
-13.141839
-14.204388
-13.687232
-11.65166
-14.553777
-15.0074
-14.497069
-14.265429
-15.1849785
-15.181257
-16.333344
-12.191964
-14.528191
-11.85794
-15.386576
-17.385462
-33.482994
-27.12005
-23.52144
-13.247675
-14.357168
-10.400107
-17.844824
-10.754154
-8.809021
-9.087779
-17.999334
-22.738308
-24.904959
-22.079002
-23.546637
-20.201862
-22.786308
-14.899237
-8.513431
-6.9854555
-13.073093
-15.909546
-16.832415
-14.245686
-22.731668
-25.819286
-25.82618
-19.978844
-13.221089
-19.636398
-14.863189
-11.262491
-12.67549
-14.623626
-21.208937
-14.177603
-21.727436
-24.910366
-19.515268
-14.309366
-16.320225
-14.42542
-9.226771
-11.120555
-9.226678
-11.194341
-10.942156
-15.374115
-20.529146
-19.262861
-19.34331
-20.013586
-22.857653
-16.686262
-16.529978
-16.567259
-18.67023
-10.810558
-14.6819515
-19.630215
-9.472588
-12.345991
-20.605005
-14.70803
-21.7623
-4.703948
-7.919224
-12.738131
-12.306069
-9.279027
-9.980328
-10.65127
-10.2707405
-8.701946
-13.412707
-14.101574
-11.399297
-13.967278
-15.8200865
-13.406955
-12.051055
-14.581258
-13.765934
-14.479204
-11.845376
-11.769096
-14.416839
-12.162237
-12.816635
-11.498447
-14.595517
-14.867281
-13.732985
-11.998172
-11.569136
-12.785972
-12.487314
-12.569543
-12.937977
-11.291764
-15.179662
-12.147644
-15.845514
-13.558389
-14.968046
-15.476631
-18.341894
-10.031638
-16.790842
-17.30398
-16.987827
-14.460251
-14.453514
-11.545142
-9.977794
-9.491724
-11.785295
-8.838687
-7.8476515
-9.09972
-11.096353
-12.434186
-14.472422
-12.583257
-14.672653
-14.368206
-13.933506
-11.774779
-11.838466
-11.755912
-16.105722
-35.039913
-32.564194
-25.974964
-11.434931
-10.395278
-6.7182655
-13.105507
-9.010221
-8.430644
-14.262715
-24.927458
-31.396912
-32.782547
-25.182034
-18.825575
-12.57466
-10.435052
-9.168399
-3.1049347
-7.650069
-14.143071
-25.947552
-27.342426
-25.650208
-26.935328
-25.882122
-21.826818
-10.628318
-7.8335295
-11.754778
-9.5063715
-9.668062
-14.173328
-24.210426
-30.798965
-23.65243
-22.74603
-25.410053
-21.92259
-13.715057
-13.229543
-13.068844
-11.33159
-9.644028
-11.640357
-12.384516
-11.030351
-12.90444
-18.500221
-23.875881
-17.154842
-19.510841
-22.240507
-16.422407
-15.240233
-17.01791
-18.400969
-11.784594
-10.074316
-19.530054
-13.166369
-13.285322
-20.182726
-15.666801
-22.825144
-15.279113
-6.68207
-12.004712
-11.628369
-9.313653
-7.968874
-10.096005
-7.9188366
-8.632568
-13.616988
-14.622592
-12.732942
-15.106319
-15.240866
-13.991782
-13.513716
-13.273562
-14.280716
-15.787568
-10.913546
-12.617261
-13.460521
-14.017569
-12.562267
-11.552377
-13.600175
-13.69965
-15.880403
-12.2537985
-13.715309
-12.086918
-15.93963
-11.794158
-14.246728
-10.358106
-14.939457
-12.5873575
-15.479942
-14.783823
-14.181477
-15.9322
-15.810931
-9.2748785
-12.06987
-13.351462
-12.906965
-10.23218
-8.90249
-13.950312
-11.02171
-9.7750635
-13.320634
-13.034954
-10.637185
-12.891673
-10.595039
-13.772998
-11.981406
-11.926942
-13.289552
-12.748963
-14.60569
-11.548163
-13.301808
-11.239671
-14.841313
-32.22234
-32.864502
-27.496315
-11.542985
-11.924116
-7.784649
-13.633236
-12.131972
-11.8817
-13.669901
-20.810268
-29.067793
-27.584679
-22.794436
-14.055974
-16.607164
-15.021344
-19.051296
-6.985156
-8.944953
-11.562286
-25.280436
-23.391289
-24.672518
-23.709087
-23.057882
-23.806538
-12.066388
-9.257484
-9.522733
-14.669168
-13.59588
-9.42958
-23.017324
-25.709133
-23.941711
-25.073683
-22.972445
-21.667746
-13.787511
-11.155285
-15.299158
-10.202256
-9.421436
-13.796488
-12.157312
-12.18807
-14.1774
-21.579903
-25.008553
-16.935118
-14.866114
-17.203873
-16.158905
-12.690944
-15.558542
-18.797396
-17.149235
-14.111507
-19.052244
-14.214957
-13.626324
-16.691479
-19.036268
-19.591936
-20.12149
-4.7409735
-9.525951
-11.861591
-10.822941
-7.789296
-9.89393
-8.783001
-8.972448
-11.066299
-12.173011
-14.443106
-13.045264
-13.902142
-15.41617
-13.677806
-11.898448
-14.881647
-14.533925
-11.262874
-13.061074
-11.529729
-15.0035515
-12.119547
-11.341915
-11.119145
-13.10462
-14.9086895
Done. Our total time was: 51442ms
Samples per timestep8
ave frequency = 15.8236460479764
Target frequency = 15.625
alpha filter = 0.2
Kp = 0.03
Ki = 0.012
Kd = 0.0001
--------
-12.900631
1.2661171
0.9459524
0.8622999
0.63091755
-0.93546295
-6.9678993
-13.978781
-15.200973
-27.352648
-34.249264
-30.224964
-24.250547
-22.195248
-17.501848
-11.0594845
-11.869118
-11.240837
-13.115268
-13.16028
-3.6976738
-10.222922
-13.102876
-12.588887
-11.007805
-12.750697
-10.806564
-10.410976
-13.645397
-12.434403
-12.923393
-12.537057
-12.417196
-13.298932
-10.598801
-9.850509
-13.531013
-14.217968
-10.651675
-14.61824
-13.206993
-14.936614
-11.762387
-10.143801
-12.078437
-12.72407
-15.896771
-11.252195
-13.413897
-11.784983
-16.11657
-12.329254
-13.748829
-10.032172
-13.553273
-13.156277
-14.823753
-14.339216
-13.808916
-15.736336
-16.635937
-10.238205
-12.450308
-12.165726
-13.551107
-11.000766
-10.354795
-15.576368
-10.499077
-9.912653
-13.11539
-12.746009
-10.860353
-13.969273
-16.95182
-17.702145
-15.780187
-14.895446
-15.350357
-13.081737
-15.355288
-11.666857
-13.565208
-11.10848
-13.473155
-26.229414
-30.610222
-28.64495
-20.12662
-19.095257
-11.29503
-8.961575
-8.598003
-6.5223227
-8.070013
-12.694494
-26.67937
-25.503597
-28.160484
-20.999842
-24.497145
-16.23278
-17.635775
-5.8221245
-6.9217443
-9.115316
-20.153593
-16.822908
-18.25888
-20.286293
-24.925697
-27.786623
-16.799122
-15.314393
-14.585134
-14.661926
-10.316871
-8.093501
-17.795645
-24.932127
-20.408617
-21.802774
-23.839409
-23.131397
-15.757187
-11.814539
-14.998051
-9.25879
-11.329493
-17.208445
-15.346087
-14.291363
-13.919162
-17.401196
-21.68152
-13.952683
-14.744978
-19.665733
-16.527102
-16.076561
-19.183418
-19.972557
-16.584272
-15.3196125
-19.37974
-17.289616
-11.408512
-18.95004
-18.022509
-20.089346
-16.850689
-7.21739
-11.468999
-11.70454
-10.374304
-6.8743906
-7.6355295
-5.958398
-5.5369244
-8.819611
-9.963892
-11.897694
-12.970381
-14.856844
-16.25972
-15.818498
-12.517338
-16.661676
-17.652657
-13.343508
-16.511347
-13.318143
-16.424358
-12.258627
-11.908022
-12.6461735
-12.900904
-14.406765
-11.382049
-13.64921
-11.736879
-16.470943
-13.019906
-14.54468
-10.843785
-13.417541
-12.2646265
-13.128014
-13.66773
-12.835923
-16.153439
-16.800758
-11.689239
-14.004295
-14.364875
-13.219065
-9.599008
-10.0204525
-10.903992
-9.53169
-9.569016
-13.146786
-10.863784
-12.907394
-13.030884
-12.729108
-15.469013
-11.033867
-12.444406
-12.586704
-12.78548
-17.92397
-12.161921
-15.932729
-9.188464
-12.002201
-24.506456
-31.008291
-29.905052
-18.139347
-17.313835
-9.536692
-12.068109
-9.269887
-6.5450344
-10.729513
-16.192484
-29.74332
-29.688698
-28.674032
-20.239141
-21.635847
-12.381685
-16.054249
-3.3613272
-6.5273457
-8.519147
-22.842402
-23.937977
-24.71418
-24.231874
-23.536272
-26.001669
-12.132337
-9.524046
-8.995999
-14.906812
-16.676441
-15.299715
-24.801575
-26.92587
-25.482931
-21.619686
-21.474112
-23.123383
-12.058971
-6.3082304
-14.407255
-7.8373814
-8.112871
-13.725825
-11.294395
-16.302654
-7.214113
-22.639063
-26.078545
-21.414629
-19.700726
-19.219007
-17.504393
-13.894112
-10.3971405
-13.953459
-14.49638
-12.706375
-14.575904
-16.142733
-10.765818
-20.254353
-22.564714
-23.628527
-22.459738
-5.775872
-9.402856
-11.547744
-9.892338
-7.344734
-8.669021
-8.630857
-8.179789
-11.288871
-13.949831
-15.576562
-13.7194805
-14.964671
-16.449245
-12.942854
-12.204142
-14.93719
-13.933802
-12.36595
-11.735728
-10.324499
-14.454413
Done. Our total time was: 19198ms
Samples per timestep8
ave frequency = 15.8349828107094
Target frequency = 15.625
alpha filter = 0.2
Kp = 0.03
Ki = 0.012
Kd = 0.0002
--------
-9.46462
0.7352791
1.1530161
0.5585604
0.5016537
0.62332344
2.2734995
0.81492805
0.14884186
-0.29205608
-2.5503845
-4.276655
-8.352568
-14.459456
-18.595242
-18.703442
-26.193409
-22.482452
-22.041054
-17.73527
-10.851227
-7.0241184
-5.5797663
-3.7485867
-7.3742886
-6.8200445
-7.772606
-8.972468
-11.95492
-15.443569
-21.716757
-38.50738
-35.818176
-28.68965
-19.289574
-14.760698
-7.364875
-6.6452904
-1.6137514
-2.6762447
-8.704184
-20.754213
-32.600388
-35.86353
-29.443348
-24.23442
-18.321806
-17.101307
-9.326825
-4.266616
-8.145009
-16.052166
-21.803371
-22.358698
-17.232174
-22.47896
-22.979853
-21.662031
-11.835214
-12.602508
-15.245637
-11.790152
-13.606894
-12.649117
-22.612762
-27.335981
-19.14548
-22.71967
-21.222605
-14.706345
-13.07521
-14.229522
-18.451488
-15.786354
-13.935246
-19.74996
-12.526754
-11.399868
-11.870875
-16.189894
-19.211845
-12.02748
-14.570883
-23.928225
-22.088192
-15.418394
-22.825611
-20.006742
-13.507611
-15.802579
-19.13
-11.849309
-11.8646145
-20.653538
-14.157827
-21.175041
-12.531021
-7.2053833
-12.055068
-10.690461
-9.495477
-8.963717
-10.573979
-8.754089
-8.343691
-13.205065
-13.252289
-12.188234
-14.699555
-14.245795
-12.24798
-12.720584
-14.048496
-13.829188
-15.494594
-11.864086
-11.766655
-13.379634
-11.084185
-11.509233
-9.953673
-12.900408
-13.234193
-14.45154
-12.34181
-13.319833
-13.889065
-15.0586405
-12.658823
-13.639649
-10.13134
-14.093814
-12.55941
-15.810711
-13.295382
-14.724954
-15.490841
-13.557347
-10.167138
-13.205519
-13.714661
-10.725545
-10.135614
-10.12828
-13.128281
-11.293982
-12.678707
-16.708628
-17.108206
-10.575375
-17.715569
-12.182078
-14.118303
-12.827166
-11.396219
-14.686348
-12.722694
-13.285136
-11.78599
-12.92156
-13.391509
-17.750996
-31.955797
-28.742126
-26.392036
-17.452528
-16.507416
-9.626149
-9.845027
-7.9636564
-7.5396204
-9.384783
-19.029415
-26.544882
-29.471394
-25.095257
-21.87836
-18.793482
-19.105307
-13.70958
-5.836175
-6.282445
-9.172176
-17.364792
-18.365887
-18.638319
-26.44745
-28.353107
-28.772697
-17.044802
-12.632145
-14.430344
-10.226363
-8.768614
-6.966302
-15.268044
-25.487684
-21.114738
-25.536282
-26.553024
-22.25436
-15.702036
-16.030514
-16.721754
-9.036636
Done. Our total time was: 12922ms
Samples per timestep8
ave frequency = 15.864417272868
Target frequency = 15.625
alpha filter = 0.2
Kp = 0.03
Ki = 0.012
Kd = 0.0004
--------
-7.291897
3.614439
6.673398
6.1691694
2.0896978
-1.2003946
-4.433731
-10.967474
-15.828252
-17.723124
-19.078735
-21.110142
-20.699064
-21.059414
-15.757309
-14.291815
-13.950054
-10.762519
-9.073418
-6.4445953
-9.234139
-9.557816
-11.139526
-11.010894
-12.9041
-14.808448
-16.511583
-15.387659
-16.159395
-12.093329
-15.744473
-12.448035
-14.853726
-12.972985
-13.082319
-13.868692
-12.554746
-8.845418
-9.947071
-13.478414
-12.287288
-13.286612
-14.418662
-15.340507
-11.762595
-12.985948
-19.512531
-13.979082
-12.222956
-11.444191
-11.210038
-11.791065
-10.603311
-9.82871
-13.910285
-12.548248
-16.769705
-13.693702
-14.341917
-12.10986
-16.395569
-32.63129
-29.54441
-26.5222
-18.156225
-15.617053
-9.153624
-8.613364
-7.000354
-7.352874
-10.968601
-17.64744
-26.798422
-30.099665
-25.826
-24.131462
-19.434542
-17.862654
-14.53709
-5.5755367
-5.992567
-7.8318214
-16.417461
-15.09413
-22.006804
-26.493807
-28.486488
-30.020916
-19.178888
-15.53927
-15.2818775
-9.589828
-7.447055
-6.2060976
-15.57046
-21.683641
-15.995819
-25.327682
-26.167458
-23.426723
-17.68129
-18.003544
-20.692427
-10.413921
-10.738334
-14.399537
-9.986613
-10.288099
-14.641837
-14.48834
-21.848995
-15.598504
-21.07961
-24.7054
-20.479172
-14.824722
-19.091711
-18.275145
-11.992505
-12.6689
-21.466095
-11.456694
-10.972331
-20.705904
-13.02509
-23.19674
-11.130495
-10.060108
-14.046851
-13.164404
-9.272645
-9.411821
-9.788646
-7.854974
-7.5845156
-11.335697
-12.013849
-9.770256
-13.96587
-15.719309
-12.959307
-12.685614
-15.311079
-13.808313
-14.071122
-12.901979
-12.157999
-15.086394
-11.664895
-12.545417
-10.256857
-12.757884
-12.825329
-13.129325
-11.647144
-11.589298
-15.081063
-13.676834
-13.812546
-12.530606
-11.456273
-14.214951
-12.606561
-15.340574
-13.046987
-15.318444
-17.061487
-12.338735
-12.326314
-13.185351
-11.994783
-11.102795
-9.80579
-13.069687
-10.815141
-10.886013
-14.296666
-12.952402
-10.902336
-12.019147
-14.692654
-14.9400215
-14.54852
-14.724266
-14.969551
-13.380835
-20.153677
-12.281658
-13.92298
-9.822881
-12.389683
-20.669538
-30.46351
-27.705353
-21.801899
-19.682297
-11.63812
-9.550444
-9.679187
-6.50169
-8.139056
-10.3963995
-26.375666
-28.268997
-31.051638
-22.106972
-24.758865
-17.688208
-21.388866
-8.221099
-6.9357147
-4.1597443
-14.21036
-12.915043
-18.523046
-19.986313
-25.08048
-28.83312
-23.087841
-21.972836
-19.035742
-17.898077
-10.245631
-5.6070585
-8.441629
-13.291175
-16.652636
-19.59955
-24.515099
-28.510845
-20.106771
-18.568272
-24.577515
-14.647607
-10.11025
-11.398665
-12.240662
-8.671387
-10.323693
-14.925808
-19.604856
-14.149607
-18.786797
-24.455885
-23.116257
-20.04488
-19.986635
-17.366087
-17.401445
-9.732152
-14.965439
-15.035985
-10.479093
-12.7313595
-19.223038
-17.251175
-19.572735
-7.867505
-12.864307
-14.577167
-12.746219
-10.152859
-11.127223
-9.231436
-8.563125
-8.359405
-11.102373
-12.124726
-11.29325
-12.777083
-14.08834
-12.799804
-12.43261
-15.970628
-14.607122
-12.779059
-13.19342
-11.5370655
-14.372341
-11.248274
-11.501339
-10.871529
-13.089477
-15.557058
-12.357148
-14.144407
-12.362399
-15.969496
-12.811664
-13.249243
-11.572686
-11.52643
-13.443519
-12.5952015
-14.277984
-12.437885
-15.869554
-15.673519
-12.57584
-14.546036
-13.06277
-15.459611
-10.670515
-9.165003
-11.963591
-10.4599085
-10.220508
-14.676821
-15.170902
-12.598532
-10.984607
-16.486177
-14.031751
-12.291806
-14.130867
-14.426266
-13.74719
-15.945372
-11.008974
-16.502287
-11.453164
-14.452921
-20.489252
-31.459095
-27.098175
-22.15465
-15.242637
-10.970989
-9.336553
-11.6005
-7.0994043
-11.020474
-14.822843
-27.316181
-26.868078
-29.856886
-21.19695
-21.476469
-11.694806
-16.10113
-5.6787205
-6.47141
-6.786524
-18.457373
-22.738907
-24.952991
-23.295824
-25.605398
-26.912062
-16.800299
-12.106048
-7.864094
-13.626992
-8.780723
-10.76252
-17.385061
-24.197016
-29.807283
-23.907211
-23.514965
-22.8964
-10.395142
-8.886695
-13.436561
-10.758486
-10.856544
-13.200469
-20.339634
-15.965037
-6.038271
-18.37639
-23.482182
-24.80268
-20.969898
-21.461693
-23.827965
-12.8874235
-11.354837
-12.36526
-16.7845
-10.38679
-13.91313
-21.06228
-11.21885
-17.957123
-26.02701
-21.307838
-23.372911
-10.783902
-8.71631
-10.96162
-9.089312
-6.354803
-6.7756357
-7.189171
-6.777483
-7.2184296
-12.1232815
-13.718163
-12.136021
-15.039722
-17.463575
-13.264799
-13.076523
-15.740082
-14.896262
-13.95581
-11.600796
-10.50087
-12.757534
-9.255904
-10.723917
-8.950925
-13.365691
-14.416331
-13.28158
-14.450845
-13.179134
-16.57625
-14.4363785
-13.828765
-12.195409
-11.262105
-13.315807
-12.068713
-14.187587
-12.285926
-15.215454
-15.560666
-13.600506
-12.1155615
-14.15574
-15.186461
-10.976194
-9.900697
-11.10848
-10.431044
-10.357672
-11.362898
-15.273336
-15.085787
-11.708961
-11.25714
-16.013182
-15.133484
-15.395421
-13.380103
-16.823603
-15.288306
-14.559052
-12.50531
-8.260075
-11.524317
-17.474112
-31.798973
-28.013428
-22.110285
-19.817686
-14.570416
-12.598516
-14.362584
-7.569954
-7.540807
-8.76313
-21.40078
-24.012587
-27.505352
-21.523903
-24.477772
-22.078726
-21.93121
-13.419148
-6.578657
-4.7085476
-11.246863
-10.1668
-16.383116
-16.205805
-26.290655
-31.287642
-25.861444
-24.251947
-20.404589
-19.7918
-9.522463
-5.3289356
-7.312437
-13.297854
-20.232037
-16.677483
-23.03541
-28.259325
-19.475815
-17.120268
-21.2563
-13.636352
-12.483268
-11.987865
-12.026426
-12.53496
-11.36624
-16.705046
-21.88861
-19.714184
-16.2422
-14.547329
-21.528873
-15.255721
-14.514549
-18.615026
-20.79382
-14.439041
-17.919994
-21.58254
-12.527566
-14.431367
-22.351383
-17.815966
-20.757553
-8.668531
-7.916788
-10.988647
-10.195616
-7.017355
-8.357574
-8.953764
-8.488677
-8.215221
-13.502822
-13.885389
-11.190439
-14.408888
-15.830849
-12.459359
-13.31433
-14.366441
-13.674302
-14.775282
-12.408132
-12.386605
-14.761346
-10.863093
-11.5958185
-9.294305
-12.303668
-13.287376
-12.703408
-12.736086
-12.736666
-14.59022
-14.027348
-13.153642
-12.761441
-11.160056
-14.4570055
-12.594738
-15.569983
-12.8763275
-15.425612
-15.041597
-11.846422
-11.263567
-14.862861
-13.880488
-11.867996
-10.683806
-11.518775
-12.266059
-11.7339735
-11.886918
-13.847219
-15.627809
-14.532517
-16.335135
-14.20249
-14.15359
-12.039933
-11.363893
-13.792765
-11.482537
-12.384539
-12.425123
-11.391115
-12.270996
-16.801344
-32.561443
-30.437849
-27.459373
-20.69452
-16.12992
-9.007345
-8.170491
-5.5328503
-6.3584642
-8.561803
-17.914392
-28.253628
-31.390955
-27.36229
-25.037119
-25.597157
-21.26507
-10.764889
-3.085702
-1.021697
-8.776557
-12.6954775
-15.644949
-18.364534
-27.767807
-31.705044
-30.234009
-22.817186
-15.86891
-13.837817
-8.172719
-6.26997
-5.7776737
-12.827698
-22.173382
-18.460028
-24.340141
-29.704092
-21.967405
-17.067507
-17.311317
-17.086216
-10.983974
-11.025458
-14.755494
-14.174714
-11.888067
-14.960892
-16.326096
-21.197655
-13.897479
-19.545147
-24.994606
-17.59965
-13.824625
-19.907345
-20.234179
-12.562733
-12.834805
-19.052586
-11.302936
-12.979836
-21.901222
-17.436375
-22.27491
-13.757292
-6.9959726
-12.0559225
-11.263607
-9.455918
-9.097658
-10.036658
-7.957239
-6.3270006
-12.0568
-12.216283
-11.391495
-13.550393
-15.488754
-13.596272
-14.243696
-14.051623
-13.980561
-16.617502
-11.089722
-12.79302
-13.747456
-12.387622
-12.091743
-10.059621
-11.921821
-11.804339
-13.528896
-10.312588
-13.888698
-11.8457985
-16.367876
-12.87092
-14.506998
-10.661788
-14.758841
-12.713364
-15.285303
-13.940179
-12.972181
-14.910018
-14.966862
-10.669838
-13.937764
-13.146362
-12.93821
-11.263215
-9.037861
-14.285858
-11.403624
-11.343322
-13.893313
-13.285439
-15.605657
-15.240758
-14.596353
-15.632371
-13.080356
-12.315669
-15.601494
-12.10142
-18.005388
-11.917333
-15.1929245
-10.871054
-13.580546
-24.010328
-23.329224
-21.146154
-14.803426
-17.69203
-15.56346
-20.07128
-14.475064
-10.292974
-12.58707
-13.377651
-23.15523
-23.56977
-22.865782
-17.663513
-21.098768
-14.157307
-20.211008
-7.298874
-8.790396
-9.649613
-22.221151
-22.247417
-23.160816
-25.05855
-23.066717
-25.517246
-13.905452
-10.1367855
-9.638395
-12.737476
-10.564285
-10.047591
-22.42541
-25.981485
-21.895592
-22.021759
-21.42487
-22.595142
-15.606703
-11.607956
-16.442665
-11.525619
-10.252242
-15.342997
-12.236965
-13.099093
-14.034402
-18.892206
-23.970863
-17.77797
-19.402992
-16.893356
-16.180738
-13.606117
-17.802713
-17.370003
-17.268795
-15.956986
-20.517185
-17.624155
-11.111832
-14.296837
-20.467709
-18.023218
-19.681683
-6.243806
-10.900622
-12.375167
-10.199674
-9.243759
-10.472449
-9.730421
-9.095263
-10.861647
-10.843993
-12.260871
-12.263317
-11.717642
-14.524513
-12.44259
-12.554325
-15.507693
-15.1045065
-12.35396
-13.459827
-12.060547
-13.467607
-11.460702
-10.662568
-11.553849
-12.744079
-14.6351595
-12.430578
-14.369132
-12.245237
-16.109549
-13.059777
-13.5125265
-10.88902
-12.0141325
-12.730926
-13.42972
-14.549343
-12.965821
-16.119293
-17.574738
-10.88479
-14.094522
-13.450994
-13.056727
-11.3663435
-9.942151
-13.640581
-10.256987
-10.497208
-14.429342
-13.423924
-15.389138
-12.879309
-13.309027
-15.101301
-13.31996
-12.884408
-14.722097
-12.145784
-16.128212
-10.271454
-13.859409
-10.729876
-14.698422
-25.093718
-31.194489
-28.534435
-20.225573
Done. Our total time was: 53738ms
Samples per timestep8
ave frequency = 15.8360936395102
Target frequency = 15.625
alpha filter = 0.2
Kp = 0.03
Ki = 0.012
Kd = 0.0008
--------
-17.562666
-0.004315376
0.15067577
0.17879868
0.12505436
0.32886314
0.368474
-1.467843
-5.650297
-10.178394
-21.58784
-31.171137
-31.488523
-29.486536
-30.429842
-19.71692
-10.1341
-9.256966
-7.865469
-6.810894
-7.678788
-11.000266
-17.788824
-16.939917
-15.602438
-28.109016
-28.451965
-16.352217
-18.699034
-19.780848
-11.163954
-7.946679
-21.442404
-13.590035
-19.8631
-11.998634
-8.26763
-13.1859045
-10.970249
-8.582962
-8.992845
-10.024443
-8.578773
-9.070091
-13.22091
-12.893593
-12.116681
-13.954185
-15.497479
-13.069796
-12.930484
-13.99554
-13.6245985
-14.824928
-10.81555
-11.668019
-13.836942
-10.926176
-11.638658
-9.942964
-12.587715
-12.962898
-13.725658
-12.984451
-12.846349
-14.244048
-14.998734
-12.854095
-14.197784
-10.567315
-13.906022
-12.66703
-15.514316
-14.20888
-14.979572
-16.098858
-12.777012
-11.052049
-12.993896
-11.876618
-10.279574
-11.774075
-11.756412
-13.668705
-14.184752
-14.849101
-17.21178
-13.899548
-14.849237
-18.703825
-14.776734
-16.250507
-11.064724
-10.631169
-13.245364
-11.42561
-10.129339
-11.992259
-9.172739
-12.492392
-15.760354
-29.28141
-30.81154
-27.665874
-21.64983
-20.485207
-11.442903
-9.529777
-6.4257584
-5.16411
-7.112747
-14.228142
-21.512842
-29.306572
-25.298784
-26.968857
-24.518064
-23.808268
-15.865515
-7.482027
-5.270933
-6.546571
-11.1782055
-12.736807
-18.409811
-27.815868
-31.209873
-31.708773
-23.40892
-20.528315
-18.91479
-9.102498
-4.60435
-2.1476917
-7.8892393
-18.65677
-10.8298
-22.482529
-27.549164
-24.226145
-21.344543
-24.20129
-18.79235
-14.478889
-10.6535015
-11.391528
-10.583632
-7.8944626
-8.028676
-13.704191
-18.903214
-15.024576
-22.632576
-27.665712
-23.9111
-14.330826
-22.92279
-20.734446
-13.24165
-12.864597
-14.549651
-11.364052
-9.74258
-19.077547
-15.645193
-22.687454
-13.304303
-8.706462
-13.871687
-12.216146
-9.814498
-9.48484
-10.353366
-8.29684
-8.330157
-12.884652
-11.56603
-10.5942135
-13.884429
-14.729826
-13.278161
-13.812513
-13.68525
-13.390619
-15.4263115
-11.573547
-13.805826
-14.21928
-11.982596
-11.5513115
-10.161182
-12.2272215
-11.970277
-13.217431
-11.947699
-13.421996
-14.01137
-15.248359
-13.251532
-15.209593
-10.993304
-14.147117
-12.438353
-15.091805
-13.161716
-13.118192
-15.273907
-13.484442
-9.135498
-13.567515
-12.208451
-12.49309
-11.984795
-12.15138
-14.170133
-12.180634
-10.886346
-17.012676
-12.845396
-12.710104
-15.747159
-11.780395
-16.554358
-14.204783
-12.441106
-13.729078
-14.218754
-17.19994
-12.043111
-16.875132
-14.800243
-15.922937
-26.474127
-28.37266
-27.053816
-16.743708
-18.040997
-10.502243
-8.219971
-7.423357
-7.1064186
-8.536314
-16.678545
-27.999334
-29.467415
-29.003521
-23.862932
-25.054058
-17.824797
-18.433376
-5.9261293
-4.539957
-3.600521
-11.295809
-12.517807
-18.220818
-27.217375
-35.547016
-38.466476
-27.42877
-22.408201
-12.661078
-7.5284986
-0.060147285
-0.9086199
-4.6757145
-10.088782
-14.122207
-23.08687
-28.838514
-33.509266
-22.513157
-19.755829
-24.053343
-10.6022005
-9.79547
-10.241356
-9.171054
-8.477971
-7.7964563
-10.741523
-19.053318
-15.234288
-21.969473
-26.377638
-24.88121
-17.579037
-20.69692
-17.198164
-13.974008
-10.891362
-14.36706
-13.035678
-10.759931
-15.854635
-17.802696
-19.589947
-19.690691
-8.365606
-12.749027
-14.57573
-12.049461
-10.246573
-10.676334
-8.799151
-7.533574
-9.134068
-9.061175
-11.677988
-12.397556
-13.633671
-16.994482
-14.790117
-13.848727
-17.146347
-14.818333
-12.268372
-13.709944
-9.683412
-12.939139
-10.57603
-9.977053
-11.0577
-12.262962
-14.595499
-12.429382
-14.865741
-14.083525
-16.835705
-14.170346
-14.432955
-12.039033
-12.058606
-12.089991
-12.441456
-13.699371
-12.316793
-15.715972
-15.899027
-12.165113
-14.236672
-12.293866
-13.589175
-12.1788645
-10.43889
-14.473803
-11.740012
-11.292735
-12.025859
-13.193579
-12.919019
-13.509238
-17.219255
-16.21273
-14.612623
-15.905138
-13.599028
-13.456363
-14.127865
-10.492778
-11.882521
-10.73091
-13.42026
-20.5995
-30.811718
-28.39052
-22.40123
-21.617384
-13.2825575
-10.208691
-8.678669
-6.3826685
-7.5414906
-8.675182
-18.418898
-24.005386
-31.36235
-25.603508
-29.722
-23.174234
-23.240866
-11.9740925
-5.576112
-1.4988222
-7.3674765
-7.566697
-18.38538
-15.615902
Done. Our total time was: 24463ms
Samples per timestep8
ave frequency = 15.8606875689817
Target frequency = 15.625
alpha filter = 0.2
Kp = 0.03
Ki = 0.012
Kd = 0.0016
--------
-19.69058
-0.03448963
0.17246628
0.19293118
-0.24650955
-2.1875582
-4.8538046
-9.51308
-18.945356
-18.562492
-16.53054
-26.371658
-27.57246
-17.141726
-13.663812
-14.54003
-10.711541
-10.031479
-7.520191
-12.1105585
-14.1556225
-12.2927265
-18.271545
-24.5039
-14.998712
-26.783457
-26.361992
-22.703432
-22.722652
-6.12677
-9.410587
-22.438013
-37.924103
-40.307777
-18.646914
-5.542926
6.888442
8.138631
1.6928082
0.7868204
0.37812233
0.5994921
-0.93909836
-4.3446903
-7.2677383
-16.248516
-20.205044
-22.15791
-21.034388
-21.945995
-22.096594
-14.802017
-14.167639
-9.003305
-8.871826
-8.18271
-5.3670483
-6.771035
-6.5250797
-11.2380085
-13.405475
-14.627462
-16.950232
-16.992044
-21.413975
-19.170828
-19.982557
-15.545119
-14.523799
-13.634866
-4.9922895
-6.711479
-8.513391
-9.500271
-11.014383
-18.416395
-19.953335
-18.719599
-17.84356
-16.002157
-13.341523
-10.952765
-7.1857452
-7.6129313
-7.8870487
-8.301754
-10.58546
-12.268125
-16.071562
-20.751482
-20.49927
-22.069069
-17.88135
-13.709637
-18.264965
-25.617432
-17.978409
-19.553446
-13.898589
-17.5614
-16.788633
-19.755495
-13.609203
-8.815997
-10.547938
-12.866823
-17.073795
-23.09553
-22.073708
-25.851498
-26.57054
-24.423233
-17.442999
-8.579728
-3.7801638
-4.5111322
-6.1186094
-7.565174
-12.680202
-26.20273
-34.132195
-35.520187
-29.796808
-25.37284
-22.210846
-8.915896
-3.0686655
-0.22173023
-4.550517
-8.392998
-6.916052
-21.827341
-29.151651
-27.08123
-27.347776
-29.074959
-20.83837
-17.813787
-11.696367
-12.150883
-9.354225
-5.8920546
-8.378093
-11.117694
-15.304614
-17.001936
-24.298712
-29.930683
-27.74301
-19.406765
-21.87689
-15.726333
-6.525674
-7.268301
-9.141706
-9.510161
-8.5942135
-22.28166
-19.293047
-24.529352
-17.288214
-10.184584
-13.923065
-11.514341
-8.824921
-8.764105
-8.011637
-5.5035553
-5.7235975
-9.547737
-11.13297
-11.398255
-16.597883
-18.886658
-18.19555
-17.849443
-17.832163
-17.192938
-14.994205
-9.747845
-8.342394
-8.277837
-4.944129
-6.6129656
-5.757206
-10.763938
-14.208272
-17.395176
-16.974018
-20.443695
-19.98215
-20.022924
-15.868036
-14.236743
-8.246485
-10.491458
-6.0782423
-9.519747
-9.724787
-11.156604
-15.999892
-18.200764
-9.071701
-16.03439
-22.038208
-17.256765
-18.206625
Done. Our total time was: 13029ms
Samples per timestep8
ave frequency = 15.8876352751554
Target frequency = 15.625
alpha filter = 0.2
Kp = 0.03
Ki = 0.012
Kd = 0.0032
--------
-18.153576
0.75585175
0.80202866
1.2741747
0.32322693
0.85251904
0.4599409
1.0499945
1.0091238
0.42957878
-0.57467365
-7.1847734
-25.635342
-31.193102
-34.907295
-37.807304
-35.527843
-31.676935
-18.669825
-5.1483965
0.4287758
0.3804245
0.18944073
-0.4381714
-12.019286
-22.193295
-25.008966
-34.044212
-38.272057
-35.156376
-23.534424
-18.233154
-11.359423
-2.7361126
-0.51095486
-0.8485718
-2.8634262
-2.347888
-7.0129423
-21.932644
-27.527916
-28.85565
-34.45223
-35.85388
-29.329508
-17.54309
-19.992577
-11.006274
-4.180087
-6.3093567
-4.0148783
-5.019059
-7.889554
-11.714862
-17.2726
-24.586895
-23.33999
-15.586133
-19.255997
-13.71282
-9.618467
-8.455257
-6.0843706
1.0569105
1.5756454
-4.0255184
-5.0497694
-8.554485
-17.255016
-23.192095
-25.009052
-24.580183
-23.24258
-23.11679
-18.445879
-8.963922
-8.268818
-2.226283
-1.7919092
-0.8968916
0.4527988
-7.4216747
-10.0075655
-14.541531
-17.944374
-24.010876
-24.509453
-27.484552
-23.310114
-21.292023
-13.650347
-8.946649
-2.6296558
-2.7491999
1.2392731
-0.6879158
-8.048893
-11.546366
-18.656836
-27.350218
-33.077984
-30.76116
-28.616459
Done. Our total time was: 6467ms
Samples per timestep8
ave frequency = 15.9270140714396
Target frequency = 15.625
alpha filter = 0.2
Kp = 0.03
Ki = 0.012
Kd = 0.0064
--------
-25.017906
0.8960905
0.88808155
0.69470406
0.13357258
0.75501156
0.0764637
0.15481758
0.3808279
0.13802338
0.9219475
-0.0722332
-0.8860493
-5.3681803
-27.441565
-37.061584
-41.549114
-41.59118
-39.24839
-30.312668
-12.177249
-0.38994503
0.19334698
-0.16442394
0.033426285
0.0010938625
1.2812271
-6.567028
-19.394533
-23.272366
-33.462627
-40.33883
-43.742092
-36.39401
-28.090816
-12.449115
-0.052340496
-0.23519802
0.057197563
-0.32338715
-2.0533743
-5.6813364
-15.424381
-31.711472
-39.39714
-37.87442
-36.64229
-33.615974
-11.53684
-2.2999659
0.4773903
1.1116514
1.2510347
1.0345125
-1.8522406
-10.802032
-22.71796
-30.979311
-39.974087
-43.02056
-35.096897
-31.049532
-24.011414
-6.881158
-0.7674923
-0.18559456
0.55183315
-0.2983322
-0.7014952
5.9006643
-14.117118
-15.098326
-15.542233
-22.607138
-24.753838
Done. Our total time was: 4734ms
Samples per timestep8
ave frequency = 15.8428390367554
Target frequency = 15.625
alpha filter = 0.2
Kp = 0.03
Ki = 0.012
Kd = 0.0128
--------
-0.5962658
-1.8802795
-2.077466
-6.143882
-5.1184397
-5.959358
-10.301025
-10.832653
-9.736724
-12.430489
-14.117782
-13.202447
-12.577556
-12.578578
-13.384921
-14.280015
-10.15518
-13.754909
-12.962607
-11.81351
-12.3023205
-8.865744
-12.27599
-11.866539
-14.057013
-10.249413
-13.30269
-11.714209
-15.403388
-12.25777
-13.886471
-9.786917
-14.982379
-12.052786
-16.99492
-13.789803
-14.453007
-14.202733
-12.904011
-8.094538
-11.51202
-12.0009165
-14.101838
-12.521263
-14.19427
-16.282784
-12.139818
-10.795008
-14.504825
-12.924631
-12.226056
-12.956687
-12.994346
-12.708735
-11.940334
-11.493811
-14.417277
-13.550689
-14.323692
-12.692185
-11.157152
-12.51632
-12.781351
-27.296938
-31.299488
-31.527016
-16.132305
-13.797324
-10.733327
-14.030454
-13.0118065
-10.857139
-12.486002
-16.231047
-25.791292
-24.436043
-22.503164
-12.931871
-18.67346
-13.971116
-21.396349
-10.909173
-15.114657
-13.860388
-25.046873
-21.814602
-14.781289
-17.045214
-17.959564
-22.714306
-13.479912
-16.100145
-20.26291
-19.090199
-18.74927
-14.763231
-18.730062
-23.601154
-18.458302
-19.368402
-20.625721
-20.37248
-15.963558
-17.212433
-21.860731
-16.046705
-12.946798
-16.892183
-12.498758
-12.129511
-11.689144
-13.028441
-21.234232
-13.660099
-14.232877
-21.39051
-16.332722
-14.348975
-14.464412
-21.054028
-13.790793
-17.36488
-21.469913
-16.123085
-12.644687
-15.01331
-16.855917
-22.014656
-16.76345
-4.4424734
-10.8092375
-10.480978
-9.891743
-9.339268
-11.826532
-8.553683
-8.233623
-13.610286
-13.372253
-11.05977
-13.056413
-13.226125
-12.171915
-12.291994
-10.93995
-11.70569
-14.278076
-10.589477
-12.7378025
-13.813012
-13.836054
-13.40964
-10.7679405
-13.757456
-13.29821
-14.271758
-11.4358635
-12.18401
-12.192537
-15.073169
-12.221711
-13.279579
-9.990119
-14.891497
-11.660821
-16.130758
-12.947096
-14.125219
-15.177427
-14.643036
-9.986224
-12.240081
-13.279145
-13.5468645
-12.878944
-12.878808
-15.197175
-12.973187
-12.003499
-13.3001795
-13.65531
-11.607747
-13.098292
-14.483593
-13.651232
-13.066473
-13.310067
-15.435239
-14.385225
-14.927223
-13.766129
-13.508572
-12.313832
-13.982768
-24.58339
-26.137989
-26.885473
-16.723597
-16.048615
-14.682779
-17.206263
-14.715992
-12.221291
-14.080833
-12.564403
-22.304392
-19.890028
-21.855206
-12.696245
-17.890818
-14.955026
-24.200733
-12.685873
-18.201359
-14.619838
-25.270105
-18.056988
-15.036044
-16.393248
-17.343916
-25.484238
-12.74727
-17.893557
-15.532515
-22.524199
-18.20219
-11.53842
-17.502172
-23.111803
-18.352842
-18.37703
-19.781397
-16.97948
-12.804379
-16.37294
-22.243305
-17.461927
-15.564694
-15.981468
-14.538906
-12.278243
-12.376302
-13.92206
-18.948925
-13.823285
-13.2784605
-15.566253
-15.54115
-16.017649
-16.001398
-22.329329
-15.002461
-16.943134
-20.116371
-16.071928
-14.461714
-19.218914
-18.061403
-19.802477
-16.206247
-3.8303366
-10.014722
-10.581424
-10.377813
-7.9680624
-10.033096
-8.971364
-8.556072
-13.7055435
-12.54919
-11.961041
-13.827067
-13.353455
-12.55901
-12.327624
-10.44992
-13.66347
-14.323161
-10.640662
-12.459498
-11.1115055
-14.053381
-12.438425
-10.16748
-13.935294
-13.680733
-15.71835
-11.147428
-13.584432
-10.399804
-16.099575
-11.676076
-14.536303
-10.633714
-13.021595
-12.78719
-14.49246
-14.110119
-13.337191
-15.903988
-15.866495
-11.022851
-12.450558
-13.032496
-11.952731
-11.954671
-11.86033
-12.810127
-10.971651
-10.729135
-11.419852
-12.396543
-12.872965
-11.817986
-13.85297
-13.411045
-11.389426
-11.130149
-12.713306
-11.445974
-17.299429
-12.428457
-14.105621
-11.105396
-14.088108
-22.397451
-28.571608
-33.26051
-20.3986
-16.022236
-9.896157
-9.868833
-15.152274
-9.521724
-12.749038
-15.004257
-26.27784
-23.546526
-21.741488
-12.61972
-20.184542
-17.875505
-25.035564
-14.6868
-12.534229
-9.582137
-21.472536
-15.914595
-18.429384
-17.472874
-22.150955
-26.8507
-16.461306
-15.418852
-11.881335
-22.46443
-16.595465
-14.957223
-20.196756
-23.650042
-24.852175
-19.530508
-17.409586
-21.804743
-14.772923
-11.561252
-20.633036
-18.287643
-13.662147
-17.215298
-17.036171
-17.040941
-10.601547
-13.342557
-14.520369
-13.132048
-13.106979
-16.427353
-20.57488
-16.392761
-12.960741
-20.66472
-20.983046
-14.5061035
-17.060883
-19.468832
-14.285873
-17.861109
-16.234837
-18.021059
-18.047068
-4.4440937
-9.245346
-12.081039
-12.072026
-10.176021
-10.678952
-9.6259985
-10.409582
-10.316196
-12.275252
-11.9649515
-11.574023
-11.756506
-14.416971
-11.9227295
-10.483353
-13.766256
-14.578948
-11.30867
-13.234561
-10.439454
-16.047426
-10.971416
-12.091489
-11.9135685
-13.622772
-15.4428215
-10.956841
-12.723647
-10.544397
-16.280693
-11.981708
-13.64098
-10.557852
-11.773698
-14.474713
-14.078678
-15.613722
-12.541457
-15.152412
-15.136918
-12.860511
-13.026254
-11.388539
-12.432308
-12.3084545
-13.294813
-13.508644
-12.566437
-12.757489
-11.988093
-13.098587
-13.208812
-11.369754
-13.367383
-12.624197
-13.309317
-12.96027
-14.487836
-13.62809
-14.9780655
-12.035371
-15.135226
-12.864034
-16.129368
-21.948748
-31.088552
-29.418526
-18.785841
-14.330706
-14.469726
-13.002651
-16.259747
-10.644383
-10.926964
-11.356604
-21.112127
-21.92305
-24.022423
-13.8331585
-18.876661
-15.042483
-23.618578
-15.231667
-15.114521
-12.889309
-22.833803
-19.38411
-17.093452
-12.163337
-17.86129
-21.845926
-16.624058
-17.290556
-18.304274
-24.29382
-18.819815
-14.349197
-18.743725
-19.170843
-21.103827
-14.225619
-13.480152
-20.14409
-14.747486
-12.892721
-21.09164
-17.179512
-19.441317
-17.358568
-17.052692
-15.653502
-10.603931
-13.769519
-17.403131
-12.483407
-13.667184
-13.663444
-21.594526
-19.28923
-13.013895
-18.230185
-21.618916
-13.526083
-14.127746
-18.139082
-13.94246
-18.618027
-22.368177
-21.48553
-20.875038
-4.097498
-8.056468
-9.555554
-10.270263
-7.6204386
-9.193472
-8.896114
-9.724199
-10.943682
-12.176024
-13.807414
-13.409691
-12.361864
-14.516193
-12.64508
-11.462349
-14.506256
-13.963891
-11.073693
-12.164271
-10.821199
-15.348277
-11.402962
-11.863147
-10.984663
-13.137254
-14.618618
-11.270508
-13.23884
-11.211425
-16.031618
-11.684477
-13.421563
-10.350769
-11.802584
-13.273771
-14.371297
-15.200603
-13.16656
-16.02604
-15.247519
-11.465886
-12.004383
-11.680417
-12.932469
-12.331779
-11.31062
-12.7492
-9.386705
-10.594107
-11.658023
-14.550906
-13.745846
-12.046349
-14.150679
-16.171778
-14.4374075
-13.163363
-12.940204
-13.01444
-15.955233
-11.573996
-15.67205
-11.736749
-14.438781
-16.261847
-31.576492
-27.492945
-20.694658
-15.668689
-15.779162
-14.538334
-17.36524
-12.080314
-12.3396015
-11.325555
-18.419884
-19.5509
-23.7437
-17.170868
-19.92335
-17.874863
-22.74955
-17.072014
-14.412638
-11.427016
-21.181997
-17.482834
-18.090746
-11.465786
-19.437666
-19.265362
-19.346737
-15.903284
-17.619154
-23.907877
-20.395815
-15.785717
-16.29988
-17.812637
-22.903585
-15.128738
-17.77761
-21.206953
-14.643815
-13.838317
-18.9949
-19.438227
-16.842258
-15.934725
-18.100628
-15.406407
-12.523082
-13.301368
-17.203169
-12.866448
-13.10401
-13.269019
-19.529657
-17.721153
-14.169322
-19.367039
-23.933994
-14.497865
-17.112658
-19.019262
-15.241291
-16.713457
-20.469215
-19.212645
-20.191261
-8.011607
-8.186913
-12.665396
-12.596672
-9.701498
-10.014268
-10.517071
-8.731449
-8.032885
-12.256473
-13.414206
-10.019583
-12.064741
-14.069789
-11.620984
-9.541281
Done. Our total time was: 42210ms
Samples per timestep8
ave frequency = 15.8493248045487
Target frequency = 15.625
alpha filter = 0.3
Kp = 0.025
Ki = 0.01
Kd = 0
--------
-7.91644
-0.17753887
-0.6700773
-0.0045108795
-1.0344381
-0.8687906
-1.0780659
-7.379637
-15.832234
-17.772367
-21.218023
-30.132261
-21.03366
-20.193401
-17.346518
-16.365965
-14.434322
-11.3775835
-15.260744
-21.29878
-15.528711
-14.635387
-19.542227
-15.79279
-15.370369
-13.770769
-18.066668
-16.880194
-17.449179
-19.877214
-18.78675
-17.82562
-20.069025
-20.292337
-19.037374
-15.790322
-2.685401
-8.061352
-9.2738085
-10.602072
-8.324118
-10.191608
-8.919931
-9.197184
-12.51918
-12.247173
-13.031609
-12.41817
-11.893793
-14.541944
-12.929631
-9.652185
-14.824725
-13.991209
-9.251566
-13.263305
-11.179196
-14.540785
-12.322004
-10.992937
-12.065923
-13.282034
-16.203539
-10.841859
-14.027932
-10.081262
-15.703501
-11.341464
-13.774352
-9.796262
-13.144047
-13.401878
-14.73701
-14.94333
-12.664498
-15.190918
-14.651217
-12.835438
-11.166129
-12.724954
-12.331073
-11.653302
-13.135999
-13.923116
-11.177413
-11.868389
-11.353096
-13.187223
-12.921509
-11.470028
-13.373404
-14.379488
-13.049155
-11.6836405
-13.28991
-13.037005
-15.519498
-12.228142
-12.906965
-13.043509
-13.857445
-23.527008
-29.145369
-28.670324
-18.640114
-13.311923
-11.956888
-13.461485
-15.506916
-11.094171
-13.682955
-14.585543
-22.840797
-20.952007
-23.873922
-13.63341
-19.607462
-13.02909
-21.779505
-11.217424
-16.734459
-11.393018
-26.106243
-16.952236
-21.98114
-12.417105
-18.927277
-22.029337
-16.474855
-17.014168
-16.753893
-22.46268
-17.616365
-11.648999
-19.189646
-22.844872
-17.820099
-16.113823
-16.94407
-19.372126
-16.940424
-14.187308
-24.896317
-15.016919
-19.504946
-14.8017845
-17.205877
-12.288279
-9.359762
-12.627366
-19.336836
-15.190023
-13.997845
-20.441044
-15.824984
-18.742771
-18.367523
-20.296011
-21.218096
-18.052168
-19.834902
-21.068537
-13.449268
-16.841114
-18.247194
-18.825752
-14.925307
-1.39884
-5.780079
-9.831753
-11.633383
-9.290719
-11.55484
-10.994131
-10.722508
-12.169247
-13.579981
-12.769846
-13.736359
-12.910297
-13.737268
-11.35228
-10.239321
-12.113148
-13.177657
-9.174013
-12.505293
-11.495465
-13.968023
-12.494534
-11.879402
-13.066522
-12.910563
-15.232983
-10.736472
-14.387606
-10.222137
-16.563232
-12.278804
-14.513777
-9.58054
-13.740522
-12.830042
-14.632281
-14.682792
-12.79243
-15.062375
-14.396886
-11.305792
-11.258375
-12.560967
-12.288208
-11.691889
-11.945793
-12.71898
-11.57136
-11.516656
-13.525278
-12.436039
-12.940473
-11.043159
-13.47996
-14.097184
-13.954346
-12.880065
-14.512562
-13.654054
-14.074276
-11.799556
-13.829859
-11.66417
-14.507179
-19.592785
-33.07709
-31.97009
-21.1515
-12.57961
-10.115945
-9.541911
-15.894724
-9.987138
-14.12078
-14.314095
-23.160633
-19.84747
-25.440063
-14.14367
-18.06239
-13.181082
-25.871124
-12.63645
-17.327555
-10.4245825
-23.54337
-18.50881
-19.38874
-11.406526
-18.369017
-21.937607
-20.642162
-16.7251
-15.44478
-21.170874
-13.761833
-13.805832
-15.793353
-23.571337
-22.559422
-15.827343
-16.93254
-22.119934
-14.034396
-15.464064
-21.200857
-18.024702
-19.988634
-14.898364
-17.809156
Done. Our total time was: 17513ms
Samples per timestep8
ave frequency = 15.8739222292012
Target frequency = 15.625
alpha filter = 0.3
Kp = 0.025
Ki = 0.01
Kd = 0
--------
