-0.88068485
-2.3510094
-9.016814
-7.049056
-8.148966
-9.608021
-8.426361
-8.21659
-12.055824
-13.502334
-9.568654
-12.029341
-14.670321
-12.274248
-10.70554
-11.289233
-10.038745
-12.914939
-10.958927
-11.546441
-14.971747
-11.795125
-12.18515
-8.940161
-13.640458
-13.122104
-14.43325
-12.528466
-12.085349
-12.758076
-13.633001
-12.044473
-12.902428
-10.392567
-15.103158
-12.536561
-15.712609
-12.461187
-15.379288
-14.008039
-12.659879
-7.8769274
-11.766349
-11.901131
-13.242451
-14.288877
-14.670945
-18.199442
-12.151875
-11.547497
-13.046757
-11.587241
-10.331358
-11.184162
-12.077012
-15.051908
-13.271334
-12.690843
-17.142553
-13.7234335
-14.149386
-12.042793
-11.794233
-12.616356
-15.235971
-31.113026
-29.228739
-25.231817
-8.362034
-9.849679
-9.40636
-19.498714
-20.94706
-19.614971
-14.352163
-15.651263
-19.474897
-19.50841
-15.213905
-13.510201
-17.37201
-22.362661
-24.937323
-15.411845
-13.863921
-14.829773
-23.00867
-19.113451
-11.592653
-16.75509
-17.87869
-22.98219
-15.388904
-18.354908
-22.423685
-19.507044
-16.968658
-11.437325
-19.058851
-19.495783
-15.708006
-18.917437
-20.901754
-19.245749
-14.529306
-15.996295
-22.95914
-16.94941
-13.784144
-17.65209
-13.373015
-10.7401705
-12.028222
-14.04821
-19.60737
-14.689546
-16.013393
-23.189436
-18.998306
-14.768191
-16.521154
-21.915693
-15.172893
-16.550737
-18.729824
-15.750964
-15.581864
-21.975351
-18.938671
-20.57117
-12.045849
-3.6596556
-10.279416
-10.620432
-9.421724
-9.723873
-11.602056
-10.275925
-9.457545
-12.306732
-12.573081
-10.563772
-12.214988
-11.444689
-12.247911
-11.595852
-12.064118
-13.097317
-16.133627
-9.409185
-12.487585
-11.307642
-13.31187
-12.434161
-9.826281
-13.614429
-13.523432
-15.631132
-10.88194
-11.935559
-10.3998575
-14.777927
-11.002861
-13.330867
-9.066966
-14.999692
-12.176102
-16.054842
-13.374568
-13.376122
-14.151826
-14.617478
-7.46651
-10.776051
-13.525408
-13.819002
-12.662522
-11.519793
-16.035908
-12.007143
-13.51989
-12.956758
-12.7657995
-10.793604
-11.771683
-13.174304
-14.985748
-13.702723
-11.236232
-16.581697
-12.88241
-18.567303
-11.859498
-14.0584135
-11.471424
-13.705678
-25.338406
-28.564552
-28.265709
-11.961311
-10.866644
-8.877656
-15.16779
-21.437391
-17.29311
-20.562555
-13.983159
-22.328846
-14.7415495
-20.579758
-8.608841
-18.784115
-13.387846
-25.612669
-14.370987
-21.112928
-14.37229
-25.10558
-16.117046
-14.975385
-13.9828825
-17.5509
-24.02092
-14.762642
-17.67192
-19.026266
-21.67005
-18.324394
-10.569304
-18.315334
-20.171333
-17.251379
-18.333784
-16.982866
-20.319014
-16.126432
-16.257734
-23.854593
-18.54839
-14.057729
-16.796741
-11.887542
-12.222971
-11.578595
-18.474476
-23.89585
-14.492916
-15.049649
-17.29072
-17.910234
-14.54281
-14.75624
-17.75692
-14.0724945
-22.936285
-19.159988
-16.998318
-14.106437
-20.430906
-16.930748
-19.128859
-15.654124
-2.6043673
-9.433455
-11.131898
-11.676588
-10.066371
-11.803102
-9.948579
-9.465325
-12.274973
-12.310691
-13.22965
-11.151855
-11.833515
-12.603322
-11.475915
-10.783156
-13.753048
-15.404276
-11.007285
-12.847321
-9.683789
-14.88951
-10.666123
-11.183161
-11.287981
-13.56233
-15.489362
-11.509128
-13.400667
-11.582615
-16.058956
-12.109669
-13.686709
-9.92758
-12.861466
-12.97053
-13.923211
-15.156232
-12.255717
-15.107241
-15.644277
-8.556621
-10.501685
-12.325674
-13.655349
-11.996885
-14.213016
-14.136407
-11.442023
-12.014265
-13.10493
-13.093676
-12.886014
-11.921288
-13.038071
-14.999146
-12.603133
-12.35826
-13.948491
-14.423491
-19.765842
-11.965077
-12.350891
-9.659879
-12.600733
-23.679583
-29.668533
-29.192997
-15.138359
-11.798632
-10.494581
-14.29321
-19.930304
-14.436335
-16.224756
-13.57754
-22.613365
-20.055124
-21.239779
-9.401556
-17.835285
-15.322537
-28.232738
-13.837521
-15.159906
-9.7927065
-24.27883
-16.361082
-22.979954
-13.509117
-21.15374
-24.812536
-14.585645
-13.696451
-11.425726
-21.172344
-17.71363
-15.907318
-22.383945
-24.066736
-21.979889
-16.77909
-14.163512
-21.147457
-11.430358
-13.471894
-18.547432
-17.295187
-18.473196
-20.221935
-16.859388
-15.894349
-10.985206
-13.47117
-19.621414
-14.769547
-15.824311
-16.630981
-16.73895
-16.010014
-15.1345215
-19.986769
-20.006367
-15.199299
-16.269997
-17.936787
-10.806043
-18.742617
-18.054235
-19.036568
-19.086315
-5.576234
-9.670252
-12.369256
-13.830352
-9.373425
-10.422985
-9.98045
-8.895757
-10.031247
-10.514358
-13.655896
-13.344505
-12.560407
-14.08999
-11.264084
-8.957219
-13.133651
-12.919182
-11.816862
-13.052676
-10.866126
-15.890155
-11.392405
-12.61109
-10.2530155
-12.815239
-14.449345
-12.334527
-13.288181
-11.857024
-15.314118
-12.531282
-13.418887
-10.525896
-10.988655
-13.517006
-13.119046
-16.21825
-12.789494
-16.177895
-15.120922
-14.201449
-9.959048
-11.126598
-12.579111
-11.640709
-11.843089
-13.631276
-14.514404
-13.4378395
-13.214155
-16.015882
-11.808778
-10.274006
-12.650107
-14.090971
-12.977423
-11.927072
-12.559081
-16.29995
-16.460459
-11.89343
-13.9853525
-10.108142
-13.998666
-16.963852
-30.222208
-28.01108
-18.051117
-11.950051
-13.355727
-14.031579
-21.621204
-15.568057
-15.5558195
-12.307452
-22.428627
-18.856087
-22.235111
-10.893759
-17.636154
-11.789522
-25.473581
-17.14981
-17.309454
-11.940643
-20.783546
-15.80291
-18.532452
-12.330179
-21.727268
-25.549843
-20.986738
-16.779633
-13.40476
-19.171661
-16.887325
-13.268158
-18.04117
-20.779322
-22.8328
-16.975153
-17.356112
-21.861004
-12.884848
-13.860811
-19.20293
-16.884872
-13.91302
-17.298138
-18.105196
-16.368465
-10.950621
-18.112026
-17.637451
-17.488827
-13.640807
-14.206499
-19.468016
-17.47302
-16.048716
-19.032633
-22.560846
-15.859092
-13.520316
-18.781317
-13.432464
-16.462507
-23.350214
-19.463469
-21.832897
-6.837573
-6.513653
-10.297607
-11.816255
-9.365652
-10.308713
-9.753009
-10.432762
-8.235314
-12.584482
-12.967348
-10.451932
-11.798988
-14.968907
-11.917436
-9.285461
-13.567931
-12.234521
-13.0465
-11.001043
-10.22688
Done. Our total time was: 34477ms
Samples per timestep8
ave frequency = 15.8076398758593
Target frequency = 15.625
alpha filter = 0.4
Kp = 0.025
Ki = 0.01
Kd = 0
--------
-11.553191
1.1213951
0.9430971
0.639287
0.0021457674
-0.4117651
0.6787586
1.1397352
1.8791828
1.0886717
1.4890738
0.87844276
1.8328686
-8.084229
-17.741545
-25.068697
-18.459583
-26.678274
-22.122738
-26.404442
-18.432224
-8.658113
-5.3173056
-7.6280394
-21.544989
-22.04904
-24.488329
-13.03735
-21.429296
-16.03234
-24.77975
-12.428075
-16.029684
-12.038409
-24.267944
-16.000937
-12.854539
-15.558324
-19.294363
-28.102137
-18.469957
-18.838171
-14.124799
-20.212301
-14.437211
-11.107729
-20.120235
-21.995712
-19.657495
-20.382273
-18.659056
-21.202147
-12.44801
-13.842855
-20.560818
-16.352762
-16.419836
-18.695095
-14.797639
-15.172974
-13.64482
-19.082285
-20.25362
-13.796628
-12.079254
-17.168665
-17.572063
-15.871765
-19.038322
-21.843904
-17.364933
-17.90132
-17.229185
-16.52681
-13.792313
-19.016088
-18.640945
-19.440315
-16.585754
-2.8324785
-9.518215
-12.305123
-12.5172
-10.572437
-11.418363
-10.713922
-9.241032
-10.258401
-11.415411
-11.006834
-11.872042
-11.746169
-11.848841
-11.473427
-11.18722
-12.974651
-15.068413
-9.724643
-14.717829
-11.034718
-15.270219
-11.523887
-10.576701
-11.557245
-12.176465
-15.278259
-10.72926
-13.660585
-10.361883
-15.54998
-11.193841
-13.552997
-9.750645
-12.447065
-12.319786
-14.273765
-14.550124
-12.586038
-15.989616
-16.102943
-10.154122
-11.070491
-10.107818
-12.8851385
-12.06827
-11.473148
-10.720971
-11.418201
-13.450151
-15.306654
-13.171774
-14.867531
-12.002851
-13.464636
-14.773305
-12.673719
-11.129703
-12.403463
-13.381871
-16.079563
-11.274755
-14.044355
-9.815772
-14.034229
-19.850792
-34.587555
-30.442621
-15.913541
-8.847464
-7.8538694
-14.34691
-24.032795
-20.004198
-18.642761
-10.054413
-19.506227
-14.819244
-21.885546
-9.7341385
-20.362877
-15.420023
-29.863485
-17.572529
-19.459314
-11.769016
-20.011393
-15.323888
-14.581492
-11.20646
-18.394423
-27.52487
-20.685024
-18.354414
-14.393898
-19.848808
-16.990513
-12.805452
-20.636911
-22.967474
-20.948303
-15.57504
-13.693233
-18.93377
-11.840716
-14.619072
-23.184721
-17.914547
-20.571108
-18.2068
-17.80172
-13.9168215
-11.3359
-14.1604805
-19.340097
-15.354745
-15.068759
-17.338371
-18.829971
-17.951996
-16.847471
-19.82729
-18.77491
-15.339953
-17.107838
-18.046753
-14.9058275
-17.97757
-21.100914
-18.350266
-18.491735
-4.883711
-8.294437
-11.305285
-12.766895
-9.1197605
-10.474219
-10.583684
-10.280055
-9.286554
-11.886349
-12.820255
-11.008691
-11.121789
-12.7824335
-11.079753
-10.246356
-14.326795
-13.735704
-11.807991
-11.789143
-10.352144
-14.638119
-10.688819
-12.839854
-10.835603
-14.206429
-14.616096
-11.948533
-11.99467
-11.432638
-15.204246
-12.108002
-12.8965845
-10.6521225
-11.294749
-13.85788
-13.082064
-15.763996
-11.995188
-15.434714
-14.014798
-12.273482
-10.196074
-12.002721
-14.00989
-13.0090885
-10.675854
-15.015887
-12.444237
-13.427232
-13.114979
-14.411903
-12.049984
-9.57763
-12.843209
-12.12102
-12.165632
-11.658915
-12.621925
-14.0097475
-14.825122
-11.989489
-13.138902
-10.950014
-14.379067
-18.496023
-35.928856
-31.137962
-22.047997
-9.69325
-6.7280607
-6.9548903
-18.489021
-16.012718
-20.152342
-18.447325
-24.538254
-22.889862
-20.216158
-9.119999
-10.4990015
-8.229706
-22.58477
-20.978441
-22.073257
-16.223803
-23.992937
-16.464273
-19.227537
-7.883689
-20.943699
-22.338465
-20.939037
-17.231676
-11.492832
-18.135603
-13.322491
-15.341448
-17.335186
Done. Our total time was: 19496ms
Samples per timestep8
ave frequency = 15.8494050061551
Target frequency = 15.625
alpha filter = 0.4
Kp = 0.025
Ki = 0.01
Kd = 0
--------
