-4.128639
1.693573
-0.20917511
-4.1200256
-15.237404
-25.661484
-26.501389
-26.546448
-13.333931
-3.455536
1.817131
3.4898376
-4.9211884
-21.089989
-31.241333
-29.790314
-25.854698
-10.965225
2.9477768
3.3650818
-2.504219
-12.244408
-28.73375
-29.36924
-24.331429
-10.620247
1.7972946
3.752983
4.290169
-10.3953705
-20.858131
-35.637985
-33.964104
-17.8143
-3.2581787
4.3183746
4.1302032
-1.9699326
-27.277046
-35.981995
-29.881561
-22.81939
-5.808464
4.1497498
3.159607
-16.181526
-32.118713
-35.72432
-26.836815
-15.383461
-0.82724
0.661026
-4.7603683
-20.162025
-35.561768
-33.967476
-28.384438
-16.881348
-5.3820953
1.0428085
-2.7956696
-9.087578
-32.744736
-29.340149
-35.13981
-16.054474
-13.569588
-3.7659302
-3.0028534
-10.290817
-15.884956
-30.493134
-29.319092
-27.616875
-20.069527
-7.6603394
-8.722206
-2.5200195
-16.73854
-23.908798
-17.727692
-26.32
-16.741676
-12.879234
-1.4561615
-1.588707
-4.852051
-11.799736
-23.997345
-26.952675
-22.851372
-17.016891
-4.3868256
-0.9801483
0.77399445
-5.3032837
-17.619598
-26.216133
-27.960403
-23.719795
-11.778748
-0.7569275
-0.5550766
-1.8671951
-11.794441
-22.224548
-27.39286
-26.09365
-17.67006
-4.6031036
1.9500198
3.397049
-6.5301666
-18.639168
-29.422264
-33.149734
-23.570374
-5.452652
3.9938354
2.7604294
-0.85411835
-20.25879
-35.36975
-32.86824
-22.794456
-6.323784
2.3044662
3.0391693
-4.7100906
-25.12062
-33.95037
-37.732246
-31.247955
-10.831802
-0.18099976
-2.5663376
-7.740364
-22.89296
-31.188255
-7.3252487
-1.7424316
-1.6265564
-0.8551483
-8.308708
-4.275818
-6.8010864
-4.201744
-3.061264
-4.5499954
0.24170685
-3.6303177
-4.438431
-3.5791855
-8.078239
-5.6871033
-0.8002167
1.7834549
2.0857773
-2.5894089
-3.4204178
-3.9225006
-5.7106476
-5.6924133
-3.8733292
1.9139099
1.4359436
2.9297638
2.4599533
1.8399353
2.2023697
0.036643982
2.3479538
0.450325
3.330391
2.9892807
1.5447617
0.2691269
-1.9658585
-0.6386032
-3.9290314
-0.2946167
0.91713715
-1.189415
-7.522583
-6.9984665
-9.043274
-13.812157
-13.427086
-4.5458603
-5.13958
-5.773369
-12.168976
-19.261086
-21.179268
-17.156502
-14.282021
-8.804199
-12.269562
-16.197235
-19.965668
-26.439262
-25.368828
-23.956375
-20.429848
-12.593834
-21.367813
-15.14016
-24.872856
-22.799675
-20.799988
-23.529655
-18.429642
-23.967964
-20.362183
-24.358833
-25.099907
-25.523567
-27.220192
-17.873116
-28.151405
-24.878654
-19.546066
-21.858307
-19.383034
-19.698776
-17.420784
-15.467346
-15.923019
-16.701622
-18.462158
-15.699211
-13.299416
-14.215492
-9.907799
-11.45919
-8.450676
-9.3700485
-12.045937
-14.409828
-15.210358
-14.009598
-8.206291
-7.457573
-7.225296
-7.601349
-7.1639633
-10.859604
-9.11721
-7.7866516
-5.2003937
-3.6998672
-3.4231796
-0.9991913
-2.9999466
-4.4984665
-3.9696732
-5.930008
-3.5563965
-4.2730865
-1.242485
-0.14609528
-2.0491562
-4.2899704
-17.703957
-10.454613
-9.589943
-3.7291946
-7.2387085
-3.880661
-10.119308
-11.241158
-18.500725
-18.305328
-22.77076
-10.346191
-10.800461
-11.379288
-15.835182
-21.6548
-22.789925
-19.289177
-17.245712
-12.890236
-13.976501
-17.200958
-20.650291
-24.991669
-25.427788
-21.879921
-25.934486
-21.569763
-25.673027
-19.809654
-25.658913
-24.870247
-24.591667
-26.149261
-22.503784
-25.798752
-20.151176
-23.003983
-19.893799
-27.965446
-25.889702
-28.503098
-20.809563
-25.631142
-19.110176
-22.870087
-16.35894
-20.637878
-15.369118
-20.080223
-16.260765
-15.180069
-14.518799
-11.978928
-14.1260605
-15.308273
-13.142853
-10.159859
-11.5396805
-7.1966934
-11.940804
-15.320808
-13.139465
-7.908516
-7.867317
-8.220009
-9.585625
-10.372368
-4.6421432
-8.879761
-3.9552765
-6.1900253
-4.1571198
-5.5792847
-4.688484
-6.219948
-4.9549637
-6.5695724
-2.678978
-5.957718
-5.6284485
-4.5798492
-4.5830994
-5.3542633
-6.3553543
-4.575241
-12.9291
-12.2462845
-13.216019
-10.889786
-12.6886215
-10.9279175
-7.750923
-11.514473
-17.50991
-17.87371
-20.205238
-17.290047
-14.202522
-15.360542
-15.403557
-18.559227
-25.259148
-23.338959
-26.333572
-22.429512
-19.283577
-23.118294
-16.430946
-22.03926
-20.619415
-28.210693
-21.271095
-21.859566
-18.210655
-20.338898
-22.468704
-26.470116
-24.754295
-28.984161
-23.078735
-28.421051
-19.140663
-26.301422
-25.575096
-18.793465
-23.84246
-22.745743
-22.514557
-21.433846
-18.378746
-18.261932
-14.030762
-17.285461
-13.328339
-15.5673065
-15.2302475
-13.744713
-13.359467
-10.886681
-14.358536
-14.787643
-16.352242
-12.699524
-9.774536
-6.7626114
-6.7896347
-10.223724
-10.652748
-12.960571
-13.378441
-10.895813
-5.8946304
-4.544815
-0.31059265
-4.4095306
-1.6253281
-7.344345
-5.848503
-7.0788574
-5.281708
-3.0988617
-0.08301544
-2.4433975
-0.7944641
-8.311424
-8.389244
-19.898705
-9.861076
-4.9391403
-0.63494873
-4.997452
-4.349472
-14.019844
-17.417023
-20.610786
-19.792595
-15.427826
-10.423332
-8.233536
-14.004692
-16.958778
-20.305397
-21.468102
-16.57827
-18.4702
-17.009178
-15.425568
-22.620667
-19.689667
-26.799232
-24.790878
-21.864464
-27.53012
-24.218987
-28.13987
-18.085052
-23.65152
-22.7584
-25.37426
-28.109497
-23.95176
-28.3704
-18.315102
-23.556091
-19.57196
-28.676659
-27.024445
-33.433434
-18.818588
-24.938187
-19.61621
-23.334908
-15.374023
-22.961967
-15.835564
-22.021416
-17.843552
-15.50988
-14.287994
-12.943176
-12.576241
-15.5883255
-11.259003
-9.042381
-8.831169
-6.9637756
-10.021088
-17.101822
-13.858658
-12.130165
-7.435814
-10.65551
-6.1298523
-8.682175
-2.8059845
-8.213966
-4.512474
-7.9898148
-5.1694946
-5.500122
-6.209381
-6.251343
-4.6370926
-4.5582123
-2.528923
-6.075836
-4.909584
-5.211281
-2.421898
-3.7001266
-7.977501
-5.7601852
-12.155518
-13.19091
-11.6403885
-9.181931
-15.037071
-9.725563
-8.862221
-11.976669
-19.859894
-16.9459
-19.591377
-16.031517
-12.56913
-14.952179
-16.452736
-22.167694
-25.349518
-24.174088
-22.043068
-23.94629
-13.797356
-19.518578
-12.388428
-23.524963
-22.044594
-24.524498
-23.30297
-22.365082
-21.249352
-20.81443
-21.010551
-23.346031
-22.857544
-27.605621
-20.950157
-30.929985
-19.266296
-29.466469
-24.778664
Done. Our total time was: 41210ms
ave frequency = 10.0946372239748
Target frequency = 10
alpha filter = 0.2
Kp = 0.05
Ki = 0.002
Kd = 0.001
--------
-0.57509804
-3.3000984
-2.5257416
-2.0409012
-2.0472565
-3.7336273
-3.4440575
-3.9141693
-2.706627
-3.6981316
-3.4403744
-4.393795
-3.3760834
-3.9586315
-3.1505356
-4.3697414
-3.7452927
-4.8335953
-3.4740677
-4.1800156
-3.5815907
-3.752264
-4.3569756
-3.4807606
-4.2198334
-3.4264317
-4.3257866
-4.5475693
-4.5842724
-4.94075
-3.6083908
-4.1397896
-3.9985657
-3.5693455
-5.2697372
-4.187294
-4.338852
-4.7849464
-4.132492
-3.9113064
-5.298704
-4.569763
-4.9868393
-5.4920254
-4.815069
-4.7638245
-5.642639
-5.187372
-5.8466606
-3.4604244
-4.8973923
-4.971201
-4.910164
-5.2599716
-5.0912094
-4.970188
-4.873768
-6.3186646
-5.024187
-4.720209
-4.7146797
-4.960005
-5.7451286
-5.2001534
-5.2076607
-4.4901886
-4.7273617
-4.8853703
-6.050377
-4.873926
-4.896183
-4.530348
-7.294731
-5.1571655
-5.78804
-5.409424
-4.487282
-6.395216
-4.6468925
-5.627472
-5.7091427
-8.150892
-12.006893
-9.5116825
-10.493177
-8.4459
0.30996323
1.1182289
0.49461746
1.3814163
0.41019058
0.90143967
-0.67329603
-0.7490845
-1.1111145
-0.25229648
-1.1005095
-1.0309486
-1.630745
-1.0597095
-1.3533667
-0.8895397
-1.7466162
-1.4823818
-2.4823437
-1.4509678
-1.9985906
-1.7417051
-2.0149918
-2.9202232
-1.6469555
-2.213026
-1.3946208
-1.9210337
-2.3496723
-2.372635
-3.0364418
-1.734768
-2.1002922
-2.5171833
-2.133854
-3.4816208
-2.8100376
-2.2608376
-3.0551147
-2.4634933
-2.4547043
-3.5294037
-2.8391876
-3.3225138
-3.8254013
-3.420702
-3.2874298
-3.9524555
-4.1399136
-4.7450027
-1.0346184
-1.091568
-4.3730755
-5.155012
-4.44306
-2.746214
-4.716736
-3.7647362
-5.3786106
-4.3687553
-2.8651142
-3.2822056
-4.8774395
-5.247139
-5.4938774
-4.63595
-3.9205227
-4.919945
-4.2185173
-5.507639
-3.3477173
-4.707733
-3.462263
-5.0726624
-4.98295
-5.845915
-5.549553
-3.4357264
-6.386801
-5.255537
-5.711691
-6.385456
-8.805565
-11.271847
-9.163033
-9.457275
-6.9547253
-6.925411
-9.096823
-8.203325
-10.154682
-10.382641
-8.619566
-8.600433
-8.546982
-8.794685
-9.834883
-10.411942
-9.335058
-10.459045
-9.238504
-8.4164505
-10.569256
-9.74106
-10.747738
-11.44408
-8.928659
-9.800648
-9.65366
-20.575256
-22.581617
-21.310291
-20.745968
-18.936192
-18.940353
-19.741629
-19.058525
-20.866537
-19.289246
-19.191393
-19.153172
-19.167929
-20.896582
-19.14018
-19.890516
-18.543827
-19.647106
-20.005257
-20.287907
-19.075125
-18.80352
-20.37025
-19.515831
-21.400106
-19.333838
-18.767523
-20.090153
-21.052547
-20.540688
-19.164234
-19.39547
-18.181799
-19.725168
-18.109955
-19.580217
-18.027971
-18.702887
-19.407518
-19.97541
-18.894312
-18.638065
-18.880535
-18.998016
-18.87537
-19.417315
-17.7881
-19.993793
-19.884445
-19.318642
-18.383963
-18.774412
-19.115091
-20.119072
-18.250359
-19.086412
-19.948772
-19.950497
-18.407505
-19.45641
-18.54956
-16.954567
-15.778698
-16.777426
-17.459684
-17.37059
-16.24012
-16.242977
-16.464045
-16.56792
-16.088757
-15.58676
-15.250744
-16.907295
-15.667646
-16.107769
-15.110666
-15.535313
-15.114971
-15.494118
-14.551645
-14.878698
-14.554556
-15.193779
-14.816006
-15.05048
-13.901609
-14.418329
-14.208902
-14.130539
-15.056011
-13.723202
-14.577759
-13.793789
-14.272398
-14.63553
-13.868391
-14.473736
-13.548298
-13.609705
-13.606894
-13.260557
-14.319576
-13.660557
-13.347862
-13.697964
-12.909687
-12.818035
-13.944479
-13.160896
-13.214825
-13.748535
-13.08102
-13.138285
-13.757565
-13.639555
-13.9606
-12.5102825
-13.575321
-13.430683
-13.90926
-13.893925
-12.919357
-13.222111
-12.620823
-13.594721
-13.053246
-12.604361
-13.217018
-14.63504
-12.980827
-13.163055
-12.703363
-12.848927
-13.095316
-12.871067
-12.857889
-12.455833
-12.765429
-12.618706
-12.465687
-12.326931
-12.575336
-11.847191
-12.070362
-12.435024
-11.4110565
-12.480913
-12.005791
-15.686766
-16.299957
-14.685284
-14.185652
-11.93685
-12.491585
-13.622011
-13.752998
-15.430744
-15.922956
-13.933559
-14.835392
-14.7770195
-14.868021
-16.742777
-16.440556
-15.579418
-15.922497
-12.8196335
-14.525429
-16.588087
-15.418747
-17.661573
-17.170553
-14.945587
-16.067648
-15.759523
-16.710814
-18.389635
-16.562397
-16.850885
-15.336288
-16.543053
-17.1516
-17.653315
-17.573164
-15.509003
-16.78808
Done. Our total time was: 13950ms
ave frequency = 21.2186379928315
Target frequency = 20.8333333333333
alpha filter = 0.2
Kp = 0.05
Ki = 0.002
Kd = 0.001
--------
-1.6856213
-7.0825253
-5.0581417
-6.144388
-8.77103
-7.49407
-5.9434566
-6.669573
-8.346083
-7.0944233
-6.9585304
-4.877798
-7.652279
-8.298853
-8.1079235
-4.8505898
-6.5802917
-5.665861
-7.4047546
-6.4113426
-5.6440067
-4.3073387
-6.044901
-6.8867474
-7.404089
-6.414402
-2.8795223
-7.012617
-4.0831566
-8.460777
-5.8802834
-5.9709473
-4.291441
-2.828495
-6.6132374
-5.9285088
-7.6005306
-6.2579937
-5.2162952
-7.025564
-3.9086819
-8.085861
-7.8970413
-5.2471333
-7.307686
-5.0306168
-2.2707748
-7.0769215
-7.868149
-6.85446
-9.338169
-8.387495
-6.849943
-8.706528
-6.2779007
-7.6812286
-4.6735516
-6.5293846
-7.9172726
-9.427147
-7.780916
-6.920475
-7.6740685
-6.6436234
-8.362778
-7.4540634
-5.4937267
-5.4604836
-4.09844
-6.934355
-5.9983387
-6.831438
-4.5568123
-6.496662
-6.3582287
-6.7401466
-4.234066
-6.169157
-4.3411045
-7.3904915
-6.0049095
-8.135633
-6.5648193
-4.2973213
-7.8793793
-3.5493183
-5.0270596
-5.7432613
-11.303545
-20.619064
-15.17211
-20.783398
-10.82811
-7.8396473
-9.61187
-7.729738
-9.223053
-21.10358
-13.210943
-15.16363
-18.544157
-13.752434
-17.812521
-26.396841
-15.711433
-21.56695
-15.194754
-8.457348
-16.38415
-14.3608
-16.408293
-27.939888
-20.809658
-21.148315
-23.237795
-20.73338
-27.340816
-23.411875
-21.50752
-13.848064
-11.961937
-18.644379
-20.314835
-28.200617
-24.206518
-23.638607
-23.044348
-20.876507
-25.068058
-22.042038
-21.952988
-18.018147
-23.745274
-22.720627
-28.800354
-24.448265
-22.216364
-24.080622
-22.760298
-29.435076
-20.448574
-19.03901
-18.060646
-27.51487
-24.788864
-24.330997
-24.049385
-24.15878
-26.835215
-20.493532
-15.264454
-11.033949
-17.92857
-20.431343
-26.06863
-25.046644
-23.050201
-24.142994
-27.07316
-24.80629
-21.436102
-15.295837
-20.158995
-17.26602
-24.590832
-16.430515
-21.759537
-19.0919
-31.053284
-23.27225
-24.127169
-24.645512
-27.99041
-19.72868
-22.556849
-21.392775
-13.066195
-8.674107
-14.468407
-15.874214
-15.681658
-16.061361
-14.386219
-14.3621235
-15.608063
-11.776161
-12.240828
-10.997606
-14.311102
-13.192575
-12.692909
-10.2953
-11.058495
-11.02515
-11.029549
-8.937588
-9.011772
-8.409561
-13.278439
-10.2699375
-12.399952
-6.4019604
-9.034443
-6.8843555
-11.391983
-8.795223
-7.8995056
-8.066938
-5.7018127
-9.289726
-9.427881
-10.66881
-10.8642025
-6.9054394
-8.985981
-6.6480103
-7.225752
-9.972139
-7.5265713
-7.940325
-8.305853
-5.0428715
-7.4729652
-9.790461
-7.0737286
-9.597153
-10.549864
-8.051041
-9.378374
-10.198511
-9.0598755
-5.6080723
-3.627369
-8.047226
-10.029289
-10.0612545
-9.234097
-9.229946
-9.338177
-8.984501
-10.7339
-6.1189594
-6.7322464
-5.1565704
-7.901331
-6.4333363
-9.101128
-6.273649
-6.694334
-6.916889
-7.7647076
-7.649971
-6.358143
-6.887844
-7.4193993
-9.858686
-7.031191
-10.365353
-6.1485863
-7.589121
-5.725176
-2.5833817
-5.4025517
-5.1595135
-15.65979
-18.92614
-20.07121
-18.34404
-8.327379
-10.96471
-11.105228
-12.083195
-18.909716
-19.744623
-11.9130535
-16.0522
-11.732418
-10.062187
-19.986193
-19.41432
-19.860384
-22.370548
-11.378353
-14.798475
-20.469416
-15.926268
-25.444796
-25.275043
-13.977028
-20.724445
-19.534004
-19.969444
-27.427874
-22.316832
-22.943
-15.9345665
-18.03652
-20.744667
-24.283855
-24.926086
-20.531055
-22.500399
-21.00343
-25.919117
-25.628729
-21.507322
-19.28919
-17.080946
-24.637018
-25.072453
-28.634914
-20.445576
-22.144737
-21.787735
-30.868076
-23.423
-21.602196
-18.93944
-26.078188
-27.068787
-20.982264
-23.431116
-17.254505
-25.201551
-23.266006
-20.069138
-10.642113
-16.280186
-22.242674
-24.354671
-25.942204
-21.870045
-22.950806
-18.455421
-27.163364
-15.528179
-17.770596
-11.585451
-26.079481
-22.610779
-24.205248
-19.567385
-25.62558
-26.630993
-28.0042
-17.49483
-22.40586
-22.828674
-24.016134
-20.60815
-24.621225
-23.204546
-13.007982
-21.926626
-27.143026
-28.72293
-28.173927
-25.49913
-27.725857
-25.67703
-26.631615
-23.80901
-20.65241
-19.012932
-15.920235
-14.339886
-10.786192
-13.202026
-13.751673
-15.516493
-14.141312
-14.951418
-11.916534
-13.427666
-10.56576
-11.180069
-8.897808
-6.596594
-4.546547
-2.8522396
-3.221634
0.02012634
-0.8591976
-1.2540531
0.6466541
-5.5229206
-5.065836
-7.000494
-4.8852196
-5.8905506
-5.8721104
-3.9499092
-7.942396
-6.4797344
-4.445339
-6.688738
-5.183235
-3.1168747
-7.905569
-6.061779
-5.589548
-8.731026
-6.89542
-6.0233173
-8.442026
-7.799898
-6.994936
0.5782757
-6.780945
-7.8075657
-9.13172
-9.611656
-8.994415
-8.861486
-7.6733284
-8.874487
-6.3681355
-4.280813
-4.441698
-4.3068047
-6.8515224
-5.931078
-7.098274
-5.3258533
-7.902771
-6.871008
-8.0852375
-5.701193
-5.8714886
-3.6836586
-7.1098423
-7.7770844
-7.4713154
-8.986742
-5.8601475
-8.439493
-4.2389545
-4.298874
-5.547201
-8.862492
-22.678293
-10.470621
-20.195934
-11.515671
-6.291771
-10.577423
-10.390121
-16.652767
-23.127045
-21.151255
-21.224043
-19.558962
-18.932833
-17.617172
-23.127695
-18.880201
-19.757126
-18.740221
-10.99246
-19.224731
-20.79831
-19.918747
-27.572348
-22.494038
-20.686543
-22.507807
-20.64115
-28.09914
-27.373074
-26.004301
-26.94584
-25.879026
-28.998528
-29.539373
-31.980782
-32.78899
-32.1077
-38.355736
-41.238533
-44.74933
-40.34271
-42.86515
-45.21962
-51.151913
-57.45677
-55.463425
-51.154507
-44.574944
-46.889492
-44.962555
-45.109375
-29.810127
-20.454222
-14.649895
-15.059774
-12.839203
-10.27519
-16.538776
-19.360287
-28.74519
-25.751627
-26.614248
-22.869446
-22.8658
-25.404387
-25.453278
-25.343153
-9.30703
-18.443062
-19.691566
-25.276424
-24.591505
-22.871067
-22.652243
-29.755253
-26.707275
-19.598356
-17.493994
-24.074173
-28.980913
-21.515114
-23.035175
-27.161608
-29.332249
-28.256533
-26.328667
-23.08872
-14.857166
-12.658966
-22.74431
-21.442638
-25.22209
-25.15295
-27.095848
-29.495743
-31.21204
-29.94088
-30.874062
-31.901283
-32.558075
-32.356228
-31.540016
-32.142338
-33.309788
-34.18285
-33.213013
-33.196896
-33.28431
-36.218056
-36.257908
-37.181316
-37.248394
-35.25436
-38.164494
-37.89285
-39.85424
-38.02753
-39.298893
-38.584297
-41.79072
-42.529533
-42.877014
-44.463116
-40.511536
-43.030132
-43.690495
-42.32611
-47.25467
-44.026585
-44.047947
-45.15012
-44.600494
-48.541473
-48.464035
-48.83358
-51.308792
-47.68327
-48.778576
-52.211983
-49.53956
-52.531673
-49.76255
-47.786617
-46.40044
-47.572407
-47.135235
-41.804073
-40.96619
-36.92764
-33.455814
-30.394718
-29.693207
-29.15616
-31.210918
-30.75609
-30.42675
-27.968336
-28.15261
-30.282139
-31.886631
-30.302328
-29.150585
-28.406584
-27.663185
-28.451124
-29.67141
-26.023129
-24.7251
-26.371578
-20.418839
-18.741766
-24.487217
-15.486269
-16.40788
-18.783953
-24.004045
-19.620516
-19.794975
-18.56905
-11.290403
-11.009996
-7.843731
-8.547647
-10.454208
-10.022572
-10.079681
-9.530066
-4.931141
-2.3995037
-2.5190105
-0.20590782
-3.7855034
-3.5728588
0.22922516
-1.0706902
0.90250206
-1.3671837
-1.4395142
0.31110382
-0.24778938
0.5069485
-0.5557575
0.16700172
-0.3160305
0.5933571
0.07180787
1.0107956
0.66296387
0.87823486
0.5987339
0.22556686
0.6222782
0.09957313
-0.5128021
0.765337
-0.18446732
0.65766525
-0.2075882
-0.3068676
-0.4372673
-0.1922741
0.26390648
0.2558365
-0.38180923
0.25618172
-0.043416977
0.9115372
0.52560234
0.055564877
0.3555088
0.9170437
0.9419079
-0.3241825
0.10009003
0.048612595
0.21577263
0.09288598
0.1985836
-0.13806343
0.0866642
0.69127655
0.39937592
0.15449905
-0.30382347
0.3929386
0.29034042
0.4314537
0.0041313167
-0.34249306
-0.11598778
0.20364189
0.6652374
-0.37239456
0.4434662
0.22200394
0.433609
0.09256744
-0.62179947
0.4815426
1.046196
0.57819176
0.7924919
1.2361012
-0.85479355
-0.29778862
1.6108589
0.73744965
-0.030355448
0.3445263
0.44276047
0.058862682
0.69148254
-0.05236435
0.39029884
0.8970604
0.14869118
0.70799637
-0.19428635
0.22717476
0.01906395
0.2062149
0.23144913
0.19970131
-0.09160805
0.72898865
0.1584034
0.9230385
-0.11268616
-0.080718994
-0.08831788
0.018316267
0.541378
0.17922592
0.45893097
0.13926697
0.47559738
0.32040024
0.24200821
0.38816452
0.050863266
0.13751984
0.8828354
-0.21836472
0.9010582
1.0395164
-0.36172485
0.9764881
0.52633476
0.329031
0.6756344
1.0156727
0.69508934
1.6760597
0.069078445
-0.3453331
-0.42235184
-0.52376556
2.077528
0.29675102
-0.66981506
0.27926826
-0.048570633
0.5986328
0.069747925
0.18486214
0.37003708
0.57995033
0.27363205
-0.055259705
0.1534729
0.2130661
0.45536423
0.35289764
0.0019226078
-0.04011154
0.4313984
0.02180481
0.6011429
0.16830444
0.2515297
0.023345947
0.37104034
0.08055878
-0.0977726
0.36449814
0.1626606
0.06773186
-0.35858727
0.8583927
1.61483
-2.3810253
-4.949032
-0.29454994
-2.6293297
0.7604923
-1.8715858
-6.4575157
-6.969797
-11.858101
-18.834385
-8.599245
-8.404203
-8.002224
-2.0507908
-7.8528347
-17.05626
-11.581936
-18.620844
-11.476385
-10.195965
-20.905138
-15.065849
-23.067612
-23.816141
-12.923162
-13.682346
-13.19685
-11.198063
-24.471966
-20.49384
-18.828667
-17.0908
-13.591925
-20.466507
-23.488897
-26.660547
-18.231892
-20.7093
-21.070438
-20.297321
-25.277807
-21.497917
-19.809969
-14.220255
-21.891998
-21.32801
-27.819494
-22.864773
-18.074299
-22.642742
-21.47561
-25.315435
-18.432972
-17.850395
-18.378653
-27.392618
-19.150917
-22.777428
-18.53285
-23.665726
-27.215721
-21.470978
-16.061773
-9.292795
-18.255308
-19.032064
-24.119263
-16.587831
-21.173664
-22.063768
-26.496393
-25.810932
-22.665268
-11.355232
-20.133324
-22.389671
-24.036514
-18.099054
-22.269217
-21.590033
-29.264229
-17.504538
-21.27137
-24.245005
-27.580204
-22.54513
-24.274563
-23.05416
-11.022186
-8.820829
-13.328863
-15.247974
-15.325056
-15.294842
-13.372585
-14.96072
-15.250153
-12.634571
-12.044468
-10.360521
-13.404228
-11.529951
-11.964817
-10.126503
-11.807903
-10.476431
-12.554827
-8.548059
-10.093521
-8.568892
-11.574814
-10.801447
-12.187042
-7.553606
-9.77294
-7.7439995
-10.067617
-10.113527
-6.9609604
-9.18759
-6.234329
-8.988258
-8.970074
-9.4801235
-10.293392
-6.7782326
-8.220959
-7.2679405
-8.433701
-11.153923
-7.794239
-7.82242
-9.766899
-5.5129356
-6.578581
-10.114273
-5.918186
-10.21792
-10.1487465
-8.006578
-9.916971
-11.020834
-10.125309
-6.4118633
-6.0294476
-10.192192
-10.706409
-10.605827
-10.020403
-8.728025
-9.14286
-8.792656
-8.935793
-6.1590443
-7.656435
-6.307522
-8.461132
-6.480768
-5.120243
-2.1215534
-4.914789
-6.182995
-10.131496
-11.835176
-19.140312
-25.992613
-29.000095
-30.947641
-28.288471
-28.59542
-24.469633
-25.676956
-23.21728
-22.762987
-20.526812
-20.600092
-38.444286
-40.300705
-46.434685
-50.467117
-48.716858
-50.78145
-53.395905
-50.232964
-53.207027
-53.982273
-51.986618
-50.80327
-53.23842
-52.144604
-54.097248
-58.81006
-58.268017
-60.504627
-64.30061
-60.955593
-64.095634
-67.30448
-66.62318
-69.47652
-65.956985
-60.396774
-60.812294
-60.743042
-67.307526
-71.240036
-69.829155
-70.99989
-65.82212
-62.345627
-59.64016
-54.130432
-48.954815
-40.43983
-40.104546
-41.551838
-42.535107
-43.454853
-42.32047
-44.71199
-47.349495
-49.600655
-50.43738
-48.928337
-44.067272
-39.564934
-38.788647
-44.487106
-43.36174
-46.49015
-49.25239
-58.57678
-55.218914
-45.57067
-42.284336
-36.974396
-35.592655
-39.473427
-43.87415
-45.572483
-48.434082
-48.894447
-51.275974
-51.346012
-47.471405
-48.409637
-44.31682
-46.80547
-44.11195
-42.513786
-43.622883
-44.621685
-43.084232
-45.145226
-43.081528
-45.793102
-45.08477
-42.795162
-44.570957
-42.61408
-42.624218
-43.51784
-42.417164
-41.1707
-35.492443
-32.314316
-29.819025
-27.540659
-25.203485
-22.053534
-19.817802
-17.026386
-13.320681
-11.79826
-11.694885
-10.915031
-11.032301
-9.582027
-8.185984
-3.9211082
1.7314949
6.7318497
6.111231
6.4309464
6.191231
5.094019
6.263563
5.5233574
5.2007732
5.811615
5.113701
5.5312157
5.087616
4.974869
5.1255894
5.6704617
6.1583996
6.1438274
5.7270966
6.189644
6.194912
9.267836
3.933113
2.4129333
2.3288918
2.1341972
2.393299
2.428463
2.0755138
2.6343174
1.6480751
2.5385818
2.6667557
1.7647896
1.94981
2.4444656
1.3024101
2.34346
1.98983
1.2435417
1.66679
2.5313625
2.116808
2.0437279
2.0605965
2.2604504
1.7656574
2.243456
2.2632065
1.9736652
2.1994438
2.3665676
1.5537815
2.4487514
1.9480076
2.340969
2.5587807
3.9403934
2.7428684
2.459484
1.6852818
1.9130421
2.4928017
1.9287453
1.9421501
1.3126831
2.0119667
1.9063549
1.8648148
2.0000114
0.754055
1.9321594
1.8808041
2.7429981
2.101101
1.8099556
2.6673317
2.543644
1.6776676
2.3978062
2.4099522
1.9563236
2.0697556
2.259388
1.8433704
2.246254
1.8940678
1.326685
2.5320244
2.1443787
1.7799492
2.2326355
1.5024681
2.4322796
1.7843742
1.9377689
2.158371
1.9348717
1.9966507
2.2396793
1.6465073
2.612955
1.6388988
1.966301
2.072218
1.7220726
2.6469097
1.8560276
2.818016
1.3061447
2.5905952
2.0996704
1.9850826
2.4179783
1.7831345
1.6562042
1.8890648
1.933691
2.172554
2.520794
1.5904465
2.2667274
1.6320133
2.7727566
2.3290234
2.3168716
2.705389
3.1850376
3.049738
1.6832371
1.9577026
1.9123421
2.0132236
1.6838531
1.6347198
1.4196873
1.8261948
-0.18836975
-0.11373901
0.997694
0.620451
-1.9096088
-5.3467236
-3.897869
-2.9696789
-3.4368553
-7.24951
-10.200516
-9.953873
-6.253784
-10.493801
-10.321869
-10.394674
-8.566023
-11.009869
-11.129974
-12.200569
-12.352076
-15.207985
-15.198103
-2.3375628
-7.1566696
-9.433098
-8.774675
-8.352341
-6.7395744
-6.16177
-8.6026535
-5.5351906
-6.0271816
-5.457304
-8.4266815
-7.0128117
-7.61887
-5.0490837
-7.437622
-5.6645737
-8.13916
-5.3899612
-5.8631554
-3.755703
-6.2124653
-6.2049065
-8.267391
-3.9710178
-5.7682896
-5.8076706
-5.295292
-9.135359
-5.1654186
-5.975725
-4.763481
-5.2559986
-7.206667
-6.570282
-8.279026
-5.32539
-4.993782
-6.235592
-3.7787094
-9.255308
-6.472784
-5.007288
-6.846657
-4.3046436
-2.9887981
-7.805496
-6.169054
-7.6710167
-9.728392
-7.5922832
-7.0110035
-9.595968
-8.517767
-7.392927
-0.53686905
-7.6228294
-9.807745
-10.013517
-9.433245
-8.807781
-9.419371
-8.144325
-9.453783
-7.1028023
-5.3059044
-5.033863
-5.912554
-6.9851513
-6.805933
-7.552435
-5.485672
-7.465584
-7.2537003
-7.904608
-5.464184
-6.8276634
-4.2681866
-8.672865
-7.6121426
-8.771776
-8.647705
-5.1935062
-7.8191643
-4.925785
-5.560541
-5.3010826
-9.496653
-20.482603
-13.684998
-19.856401
-9.297377
-7.120098
-14.596317
-10.105783
-14.504356
-19.46836
-15.054714
-11.980665
-12.473745
-10.114412
-10.344978
-22.213068
-19.961035
-21.420242
-22.2998
-14.599867
-18.356483
-16.138483
-18.606535
-24.013088
-17.344456
-13.636158
-18.664522
-16.227314
-23.343512
-25.027988
-21.78575
-20.153805
-14.619635
-20.862679
-20.139553
-24.499992
-23.319923
-16.41118
-21.906063
-21.101318
-25.31556
-23.340633
-23.140228
-16.353535
-21.039944
-23.22427
-24.39051
-23.349491
-19.097885
-21.475237
-19.818422
-28.88183
-20.122618
-18.986065
-18.351425
-24.55287
-24.192705
-20.109255
-21.859755
-18.99692
-27.6164
-19.700483
-22.24007
-10.435949
-16.099806
-20.88928
-23.546568
-23.518772
-20.826939
-23.669012
-22.855812
-25.077667
-21.39728
-16.205055
-15.481281
-24.83526
-24.432192
-20.69745
-16.966072
-22.671959
-27.682112
-23.769419
-17.554367
-23.250528
-25.462057
-19.239336
-19.981823
-23.618998
-12.740833
-9.933794
-14.120441
-16.678848
-16.259497
-15.861414
-14.020836
-14.487835
-15.698729
-13.145258
-12.809359
-11.0359745
-14.5227165
-13.50625
-13.773647
-9.739002
-12.166143
-10.693846
-12.452881
-9.224722
-10.56078
-8.31954
-11.873938
-10.628185
-12.54924
-9.104782
-8.97452
-10.080965
-8.609428
-11.515673
-7.64645
-10.287029
-6.731655
-9.581062
-9.234224
-9.895756
-11.330353
-7.169117
-8.731731
-7.941101
-7.15374
-10.946226
-8.326401
-8.367861
-9.172512
-5.7674046
-7.386259
-10.107077
-7.2292767
-10.0578
-11.123699
-8.690565
-9.727846
-11.156452
-10.177757
-5.6548214
-5.3576736
-10.272959
-10.913933
-10.313396
-10.231438
-10.732183
-9.209049
-9.898441
-10.918337
-7.164854
-8.126505
-6.919798
-9.118063
-7.970192
-9.092819
-6.5670834
-7.6252975
-7.839588
-8.100103
-7.297924
-7.3775196
-7.009836
-7.153494
-9.460438
-7.2290764
-11.230846
-6.640196
-8.056097
-8.485649
-3.773037
-5.592745
-6.774971
-16.480753
-16.551025
-17.127596
-17.412666
-7.949484
-11.769426
-13.674797
-10.650398
-15.700621
-18.395435
-10.320789
-15.416046
-13.2119255
-13.223854
-23.560116
-22.142874
-21.529709
-20.098246
-10.883957
-11.885998
-16.883633
-13.856247
-24.59821
-21.680202
-16.609419
-20.560003
-19.976507
-21.346205
-25.43601
-21.188658
-21.609087
-13.773684
-18.605604
-20.014727
-24.3197
-22.98363
-19.63893
-21.289526
-22.442108
-25.441933
-22.518206
-21.630697
-18.316938
-18.143316
-23.723888
-24.067984
-25.769764
-20.09073
-23.943327
-20.454382
-25.874653
-18.974163
-18.56991
-19.561165
-25.374825
-24.088732
-21.251755
-22.755295
-19.91148
-26.532675
-19.536776
-20.979143
-8.895027
-15.867125
-23.116758
-25.076918
-25.371082
-23.268517
-23.958857
-23.364882
-24.742792
-18.921068
-18.247911
-17.529728
-24.827496
-23.7531
-21.264215
-16.791866
-21.241863
-27.628
-26.32922
-19.402699
-22.408743
-26.099937
-21.596478
-20.622122
-24.775068
-18.327587
-8.460165
-13.1249275
-15.819681
-16.006527
-16.195675
-14.860228
-14.759268
-16.003014
-13.49637
-12.96516
-11.724365
-14.386761
-13.045525
-14.253836
-10.057846
-12.477427
-10.933531
-12.533218
-9.237389
-10.179773
-8.669479
-11.736416
-11.460543
-13.044765
-9.923349
-9.414885
-10.300169
-8.308214
-11.600328
-7.275587
-9.144619
-7.37471
-7.6998
-10.431374
-9.66777
-11.507935
-8.325394
-8.307444
-8.989124
-8.074881
-11.140718
-8.7326355
-7.4075756
-9.246737
-7.5062904
-6.3264027
-10.745802
-8.450966
-8.897751
-11.586966
-9.038647
-8.146944
-10.628048
-9.348534
-10.265137
-5.234804
-10.007101
-11.594509
-10.968365
-10.994812
-9.987057
-9.835758
-9.016438
-10.753588
-7.8667507
-6.812912
-6.5046444
-7.3624516
-9.087637
-9.042093
-8.564453
-5.925745
-8.820688
-7.683687
-9.424868
-7.508608
-8.107897
-6.352417
-10.418999
-8.55867
-8.393122
-9.327887
-6.0800037
-8.703428
-4.0928783
-5.4566536
-6.745085
-10.117777
-20.83029
-10.298002
-20.28919
-11.683636
-7.1410255
-12.492685
-11.497841
-17.890907
-21.158785
-17.148048
-12.530909
-14.499996
-9.969185
-11.185438
-20.543789
-16.236237
-19.797394
-19.44543
-12.835663
-20.635382
-20.137064
-17.94063
-25.05386
-15.289808
-15.289373
-19.128086
-19.24271
-23.88364
-24.049162
-21.341726
-20.742538
-12.276386
-19.917542
-19.639517
-24.916069
-22.255554
-19.35593
-21.641594
-22.281672
-26.091398
-22.89126
-22.226746
-14.445053
-20.415031
-23.132072
-25.718168
-24.56194
-20.029192
-23.996077
-22.97198
-26.71036
-19.287422
-19.5466
-19.899704
-26.95775
-23.003172
-22.528473
-22.22361
-23.965733
-26.825853
-17.484009
-21.555262
-9.828602
-16.49581
-23.001642
-24.80973
-22.601511
-21.324038
-23.409908
-24.257544
-24.667383
-19.626366
-15.543678
-19.290407
-24.107477
-23.904804
-18.90996
-20.584019
-22.848505
-27.051357
-19.676819
-19.997803
-23.56656
-26.052454
-22.987556
-25.00659
-24.210436
-16.233854
-10.159807
-12.67375
-15.74255
-15.47781
-15.909515
-13.785606
-14.667053
-15.65094
-13.263788
-13.594442
-11.368944
-15.215801
-13.40971
-13.669325
-10.049759
-13.209005
-11.031595
-13.417938
-9.398525
-11.222784
-8.470818
-11.89035
-10.61706
-12.496698
-9.544437
-8.9904785
-9.842009
-8.648922
-11.72274
-7.4839478
-9.704628
-6.938286
-7.8224144
-9.894745
-9.414192
-12.036839
-7.7015247
-8.553734
-7.9775505
-6.8370113
-10.869232
-8.527384
-7.7493954
-9.639685
-6.7055664
-7.119156
-10.259115
-8.236351
-9.306278
-11.402254
-8.868031
-9.002171
-11.137989
-9.922554
-7.6912727
-5.845934
-10.003092
-12.386505
-11.320467
-10.223259
-9.437218
-9.934668
-8.898142
-12.069447
-8.409384
-7.479805
-6.111744
-7.3142376
-9.157986
-8.5423565
-8.416628
-7.2325115
-8.671129
-8.099636
-9.603781
-6.806484
-7.5305367
-6.0941772
-9.103292
-7.999937
-10.1242485
-8.216476
-6.4165974
-10.008772
-4.141323
-6.7524605
-6.8827763
-12.705608
-19.490406
Done. Our total time was: 87090ms
ave frequency = 21.196463428637
Target frequency = 20.8333333333333
alpha filter = 0.2
Kp = 0.05
Ki = 0.002
Kd = 0.001
--------
-10.524368
0.98664474
1.4362469
0.70884323
1.0176296
0.8937874
1.1106663
1.2352543
0.919611
1.1704998
1.2176876
1.4015522
0.8308983
1.4683266
0.4890709
0.7805252
0.533844
0.19485664
2.6376095
0.8459892
-0.7993851
-3.088787
-1.630928
-3.2716236
1.9798565
-0.9430408
-3.4925804
-6.643976
-8.7526245
-14.272251
-5.651598
-4.250929
-1.6991158
-0.32951164
-2.5932388
-11.816511
-11.439051
-18.06453
-11.02231
-6.8885937
-12.047798
-3.3565464
-10.938526
-11.414284
-5.272997
-12.821335
-10.581837
-14.081055
-23.500729
-17.074532
-19.2706
-9.343813
-6.065201
-7.971737
-10.945137
-20.50718
-18.430128
-23.628489
-21.872469
-23.00353
-19.355871
-9.981836
-7.0390854
-4.76392
-14.9334545
-23.073406
-31.313694
-24.819641
-27.280798
-18.97171
-19.335371
-13.077925
-5.983017
-8.385559
-16.282644
-25.503542
-24.796911
-28.636282
-21.88987
-25.58972
-14.107235
-9.816677
-9.355831
-8.314407
-18.94556
-23.789177
-27.440239
-21.707336
-20.987534
-17.027258
-20.917797
-11.714781
-12.302383
-11.376944
-21.716166
-20.972212
-27.268394
-20.510696
-22.114153
-17.582693
-19.132435
-11.612383
-14.084866
-22.567533
-26.068264
-22.076864
-26.741745
-19.65783
-6.465662
-7.5701504
-9.691423
-14.57715
-16.108688
-16.407732
-16.94163
-17.053762
-15.545073
-13.815773
-11.462614
-12.579031
-14.002806
-14.542879
-10.558538
-13.125578
-12.143238
-13.6331005
-10.88553
-10.293524
-9.069206
-11.322357
-13.145609
-14.507221
-12.563183
-9.551996
-11.83559
-7.8334675
-13.1880455
-9.545094
-9.780647
-9.473146
-7.877634
-11.739891
-11.13106
-13.509657
-10.962715
-8.854452
-9.99003
-6.9629765
-10.032391
-11.765167
-8.803848
-11.261801
-11.097179
-6.8174686
-9.48876
-9.693939
-8.36158
-12.4443035
-11.361788
-9.1141205
-11.347439
-10.752258
-11.07523
-5.0788994
-8.269411
-10.774534
-11.660032
-12.520878
-10.972082
-11.573086
-8.518883
-11.057419
-5.84173
-7.309313
-7.299959
-8.303795
-10.298719
-11.0874
-11.779245
-8.99234
-10.934105
-9.618647
-9.081579
-8.631174
-8.16288
-7.032425
-9.783154
-10.255877
-9.6592655
-11.468073
-6.46142
-8.0841465
-3.0315704
-4.229246
-5.8098774
-10.628777
-27.382885
-27.068577
-23.349342
-14.225344
-3.7156277
0.16356277
0.43300056
-2.4432602
-16.732866
-23.79353
-25.283726
-27.3864
-18.754877
-8.665697
-8.140291
-1.1525154
-1.7464352
-10.885937
-10.363583
-24.280596
-33.503304
-30.763636
-33.099194
-17.947357
-1.1274433
-0.42565918
-0.3086853
-8.543188
-24.451954
-26.159367
-35.721256
-22.76183
-23.038857
-14.604984
-14.556366
-8.237089
-6.231497
-15.659828
-21.051672
-33.079475
-33.38388
-27.566898
-18.293423
-9.519184
-10.485439
-11.460196
-19.470695
-18.323498
-27.463614
-29.198425
-32.81332
-23.065535
-15.575226
-10.437645
-14.02755
-18.202888
-15.84635
-24.857588
-23.708101
-31.3577
-26.06241
-21.228125
-11.151897
-10.69207
-10.430559
-19.562412
-25.554054
-25.503937
-28.659063
-27.70795
-28.91709
-15.8608265
-11.170557
-10.463755
-16.6399
-16.418556
-22.281673
-20.200867
-27.066948
-29.860394
-25.6384
-18.429485
-18.452505
-20.738953
-19.241474
-19.073809
-23.132977
-17.965096
-9.442747
-13.148193
-16.917583
-17.077492
-18.83238
-16.680775
-17.153864
-17.820402
-14.675903
-14.38376
-11.211208
-15.249842
-14.582279
-15.213457
-12.056414
-15.31089
Done. Our total time was: 14106ms
ave frequency = 21.2675457252233
Target frequency = 20.8333333333333
alpha filter = 0.2
Kp = 0.1
Ki = 0.002
Kd = 0.001
--------
-12.765928
-4.3545456
-3.451374
-0.2020359
-4.5633774
-12.341217
-17.034317
-17.558384
-14.960304
-10.140949
-6.4815426
-3.422678
-1.4023056
-4.459177
-10.277035
-15.852188
-16.834864
-14.211058
-8.505032
-4.2201653
-0.6557808
-1.1303921
-4.5488224
-7.9588394
-15.838583
-15.105507
-17.432055
-8.696465
-3.146227
1.8126183
8.332825
-4.6900864
-11.250601
-22.773722
-23.135597
-17.432688
-10.352739
6.102337
3.2674026
1.4847717
-1.3570404
-16.713173
-19.16476
-18.949448
-18.419067
-7.437956
4.380766
6.120228
9.738583
3.800131
-14.650101
-22.202084
-31.318264
-27.221218
-7.812439
-0.30614853
0.6774025
-0.17902374
-1.1684837
-11.087349
-15.807316
-23.84216
-21.43216
-12.27005
-5.950279
-0.114112854
-0.7866192
-4.7420673
-12.637758
-14.93615
-14.934469
-19.147549
-16.500277
-6.6344166
-9.00717
-6.9715786
-9.8252125
-12.333521
-13.668484
-14.356033
-13.211203
-14.16511
-11.687113
-10.046707
-9.4294815
-10.949526
-19.51143
-23.022032
-22.153175
-15.172417
-7.2266655
-7.330385
-9.109383
-18.33443
-27.313745
-30.606398
-23.429327
-15.087648
-6.027067
-1.2930813
-7.2349205
-21.284143
-33.979755
-39.59906
-30.194233
-12.90283
-3.1788387
-0.48555183
-4.848728
-23.849852
-33.004833
-44.81865
-33.62721
-21.857185
-12.842009
-0.24382782
-0.9242554
-8.951382
-22.817625
-43.217712
-49.320652
-44.84872
-21.955593
-1.5967102
0.15364075
-1.0479946
-19.084335
-34.727264
-42.18934
-46.1934
-33.472202
-9.720444
-2.523962
-0.8642616
-6.5382137
-27.626724
-43.55109
-51.26789
-32.70016
-20.309021
-3.7078342
-0.7940922
-4.01173
-13.141806
-31.281088
-38.2703
-39.355484
-22.846973
-8.165155
-0.98093987
-1.1578121
-7.7789
-22.993567
-30.0559
-33.046364
-31.406084
-12.697767
-6.0877476
-0.5277004
-0.62361145
-12.048304
-23.073996
-30.836588
-26.665333
-21.386608
-10.696995
-5.8321877
-1.8470478
-5.414612
-18.006153
-25.449532
-26.635708
-28.3402
-14.964199
-0.07716179
-0.09771156
0.13449669
0.525383
-0.113759995
0.066661835
0.5377693
0.009738925
0.6155205
0.28832054
0.11806488
0.39992523
0.43950462
-0.011665345
-0.13973999
0.1401596
0.13978386
0.23871422
-0.025878906
-0.07170677
-1.1558266
-2.427126
-4.863142
-4.5598507
-4.896143
-5.5605774
-6.0376816
-8.139561
-8.276167
-9.544685
-8.170622
-8.779802
-9.729725
-8.129742
-7.739788
-8.016216
-11.942495
-14.291418
-13.087053
-18.721205
-17.515448
-13.662758
-18.856873
-20.683214
-16.741213
-23.670996
-22.399864
-18.064608
-19.795837
-19.663755
-20.05403
-25.378727
-24.190899
-23.448496
-24.815615
-20.030746
-25.13867
-25.19507
-25.873903
-32.05675
-25.694902
-23.885733
-26.0098
-23.262194
-29.455559
-32.685062
-26.09021
-28.502323
-22.442991
-28.779535
-28.479912
-30.649998
-30.868004
-23.765488
-27.715546
-26.996647
-32.505135
-30.774376
-29.268843
-24.152302
-30.382507
-29.52611
-32.19564
-25.99203
-27.231602
-28.901348
-31.875767
-34.490112
-26.25611
-23.211655
-26.403887
-28.465113
-21.04544
-19.316038
-12.087793
-19.460178
-19.475004
-8.615044
-10.241734
-10.86314
-12.900469
-10.060568
-18.130213
-12.001934
-11.167847
-11.760412
-13.774548
-12.567305
-11.447502
-9.690084
-10.745897
-8.8424
-5.5696316
-7.762249
-8.1488
-9.5956745
-10.171373
-9.102123
-10.009445
-10.9628105
-10.232306
-9.845154
-12.199295
-10.295919
4.2214527
-0.88492393
-7.210968
-6.1399345
-8.542421
-6.100502
-6.1554527
-6.415985
-4.6228294
-3.561781
0.7080002
-4.9237022
-4.1853294
-4.7290764
-1.4812222
-3.9184132
-2.7200775
-6.281561
-1.7824173
-2.1299324
0.61862755
-3.4561195
-2.0531216
-6.041334
-1.4857445
-1.2924633
-4.547472
-2.5628643
-7.0298843
-1.2555752
-4.3621674
0.002548215
-0.2981873
-5.0063667
-4.842272
-7.0604267
-2.5571938
-4.5502033
-3.4462242
-1.432724
-6.4730854
-5.460989
-3.3375244
-6.1128044
-3.61685
-0.032381054
-7.140335
-5.480959
-5.817827
-9.445841
-7.4051876
-5.502741
-8.615738
-5.3426876
-6.830208
-6.1276646
-8.457441
-9.681763
-12.048986
-10.665148
-11.092957
-11.552742
-10.145504
-12.880474
-11.9734535
-11.19305
-10.291122
-12.920046
-12.631296
-12.842318
-14.251949
-11.578058
-13.342842
-14.407322
-13.819674
-13.698576
-14.277966
-13.129311
-15.483274
-14.555557
-15.397657
-14.965324
-14.17626
-15.452612
-12.397242
-13.346621
-13.417606
-15.500204
-24.660196
-25.282888
-24.603823
-23.416615
-18.91086
-22.215643
-21.80641
-21.690922
-24.912823
-26.954418
-21.74847
-21.054548
-22.807308
-22.022757
-27.637667
-29.233923
-27.43193
-28.542212
-23.762594
-25.23199
-29.26745
-26.10472
-31.32903
-30.618841
-24.718472
-28.458143
-26.1212
-27.779758
-34.649967
-29.430563
-30.697254
-26.722435
-27.58643
-31.829292
-30.397472
-34.257366
-27.741592
-27.432993
-28.912428
-30.893461
-34.624672
-30.422947
-29.82796
-26.563509
-33.27725
-30.102747
-35.236916
-26.479359
-29.817045
-29.624342
-34.766773
-30.391914
-25.960747
-23.342098
-27.00636
-27.923668
-21.397411
-20.560528
-19.696224
-22.030497
-16.44439
-9.5167675
-8.340132
-10.378891
-15.555119
-13.194174
-19.68774
-11.518005
-12.49251
-10.624653
-11.625587
-10.941975
-11.579712
-10.965927
-11.241739
-7.9460526
-8.959948
-9.311054
-10.072668
-10.44515
-10.333717
-9.707775
-10.32493
-9.244856
-9.106646
-12.03511
-13.428976
-6.378628
-0.13032721
-4.4508667
-8.251274
-8.252932
-8.323294
-5.544756
-6.317911
-6.709011
-4.3829174
-4.360876
-1.0228004
-5.944874
-5.520941
-6.3399315
-1.3944035
-5.651081
-1.3331318
-6.844576
-1.3205872
-3.1209183
0.32086563
-6.5594234
-4.018923
-7.846245
-1.2850151
-5.18145
-3.46101
-3.5670128
-6.875889
-1.6129398
-3.9169788
-1.3046322
-1.9068508
-5.7391205
-6.1843452
-7.3733406
-1.9036789
-4.4759464
-3.6536007
-0.6578636
-8.858044
-5.4978046
-2.1197357
-7.127804
-3.8665485
-1.4948292
-8.691042
-5.2343616
-7.187702
-8.65766
-6.3568916
-6.2417297
-8.959227
-6.2400703
-7.1894493
-6.764618
-8.574133
-11.388323
-11.916065
-10.568054
-11.180929
-11.425152
-10.3860035
-12.717897
-12.056667
-11.11759
-10.913603
-13.054226
-11.737688
-13.474987
-12.536587
-13.065947
-14.350975
-14.387421
-14.098385
-15.059309
-14.454273
-14.274704
-15.070745
-15.103191
-15.202438
-14.736538
-15.028433
-15.2201
-12.989004
-13.516409
-14.188665
-18.961187
-25.047531
-23.221905
-24.593765
-20.462679
-18.892208
-22.574778
-21.806772
-23.67705
-27.402393
-24.446812
-20.64949
-21.094551
-21.25447
-21.514032
-29.162748
-27.072556
-27.073793
-26.046705
-22.577106
-25.133701
-27.36045
-27.13409
-33.553215
-26.709925
-25.207926
-28.157965
-25.42475
-30.79688
-33.821743
-27.735678
-30.244276
-24.701248
-29.708061
-30.412596
-33.094994
-31.622797
-26.403425
-29.923422
-27.531006
-34.795937
-30.778261
-30.359861
-26.946516
-28.935806
-33.45523
-33.577164
-33.695343
-28.292543
-30.066061
-27.77454
-33.702774
-26.333824
-26.60932
-24.244728
-31.573143
-28.529226
-21.298302
-20.801533
-15.771639
-21.241106
-13.585388
-9.75086
-8.942284
-11.518307
-13.2186165
-17.69211
-17.480278
-12.026735
-12.4025345
-12.025198
-15.447508
-11.059135
-10.7322235
-10.2150345
-8.7355
-8.08609
-8.443298
-9.326347
-10.007307
-12.31925
-10.971886
-10.122524
-12.648878
-9.496599
-10.656017
-12.297304
-12.872112
-3.0651474
-0.049074184
-6.8947105
-7.735956
-8.054081
-7.7186794
-6.4021206
-6.579214
-7.838396
-3.5700455
-4.4292374
-1.2528305
-7.0546074
-5.1645393
-5.425495
-2.3545227
-5.8897343
-4.5161247
-5.626486
-3.4445114
-3.1194382
-1.4015827
-5.8959923
-4.3788166
-7.9299107
-1.3891754
-5.9567776
-0.42937088
-5.110962
-5.090885
-1.3545799
-4.6098576
0.27088165
-3.8779545
-5.980198
-6.2911205
-7.7532196
-4.0058384
-5.890049
-4.2108116
-1.6699104
-6.9496384
-4.3687496
-2.2021446
-6.052761
-0.7422638
-3.6013165
-8.259115
-5.7738647
-8.982758
-9.774519
-7.0486946
-7.4562798
-8.902613
-5.84968
-7.5436745
-7.810772
-7.9344883
-11.027977
-11.2530365
-9.455334
-10.207323
-10.25396
-10.21557
-13.436462
-11.49638
-10.49345
-11.139345
-13.913729
-12.373707
-13.940292
-12.933298
-11.905088
-14.016758
-14.61676
-13.755997
-14.675728
-14.266335
-14.130173
-14.857201
-15.138882
-15.452396
-14.214354
-15.17663
-14.654264
-13.520191
-13.443369
-14.348278
-19.173265
-24.4716
-22.695059
-24.116808
-19.952686
-19.773985
-21.615181
-21.302181
-22.717129
-26.572779
-23.717178
-20.819006
-21.32533
-21.463335
-20.010567
-27.158339
-27.071642
-26.379261
-27.078875
-22.104523
-27.189877
-26.855886
-26.7967
-32.28162
-25.538654
-24.843382
-28.003252
-25.811897
-29.834059
-34.806236
-28.079153
-31.240498
-25.219585
-28.13608
-29.628832
-31.181038
-32.287956
-27.102844
-30.33975
-29.134977
-32.03183
-31.118176
-29.570227
-27.854675
-28.803968
-32.287636
-33.735733
-35.214855
-26.65583
-31.249182
-28.65978
-35.977455
-28.161007
-27.192888
-23.817394
-30.530046
-27.724913
-21.851927
-22.192152
-18.205095
-23.142817
-13.073357
-7.697521
-9.122948
-10.016026
-10.932611
-13.626101
-17.765934
-11.8791275
-13.208769
-13.315287
-15.546181
-12.436157
-12.453375
-9.915585
-10.00333
-8.084377
-7.4165497
-9.964991
-10.942762
-10.859032
-11.066566
-11.111748
-12.408728
-10.187157
-9.233938
-12.858694
-12.560467
-6.0949326
-1.3272285
-6.331518
-7.7464447
-8.010176
-7.5387154
-5.557173
-6.3762703
-7.4844685
-4.7067184
-5.4455833
-2.963829
-7.815771
-5.342226
-5.2140884
-1.1070156
-6.0575905
-4.8415546
-6.566082
-2.7048683
-2.4188805
-0.354784
-4.8805943
-5.768444
-6.5218773
-0.84100145
-6.626652
-0.8316498
-5.4647045
-5.864168
-2.040245
-4.8467903
-0.4860878
-4.3436584
-5.85297
-6.942814
-8.352945
-3.491499
-5.4841175
-2.8560848
-2.6194077
-7.6726437
-4.379278
-3.2951412
-6.6205482
-0.38209343
-3.5812092
-7.697092
-5.048746
-7.1184006
-9.027548
-6.029951
-7.2024117
-8.339045
-6.0187473
-8.016268
-7.5322685
-9.733505
-11.245768
-12.109795
-10.158279
-10.828308
-11.774313
-10.556725
-13.489477
-11.661322
-10.917217
-11.317524
-13.267828
-12.524031
-13.5700245
-12.535437
-11.928764
-13.056183
-14.517284
-13.963066
-14.590681
-14.039555
-14.181368
-15.15513
-15.180706
-16.015282
-14.99284
-15.186937
-14.473576
-12.5214615
-13.538359
-13.986475
-18.96617
-26.789858
-23.587051
-24.084892
-18.512299
-18.58268
-21.787094
-21.06673
-23.668287
-27.217745
-24.427603
-20.888376
-20.917389
-21.114403
-23.714756
-27.65565
-25.623873
-26.949463
-24.221071
-21.294056
-28.240881
-25.918913
-28.335001
-32.51243
-25.289925
-26.166351
-27.601402
-26.317097
-33.4439
-29.272469
-27.946182
-28.669447
-23.849615
-29.85415
-30.084812
-32.26762
-30.22987
-26.807148
-30.179024
-28.753155
-32.98447
-30.589083
-30.862595
-26.278814
-31.53554
-30.66635
-33.51833
-31.081034
-27.368906
-31.924593
-30.687344
-33.53634
-26.751793
-25.649765
-25.70637
-32.637016
-24.143137
-22.293844
-17.848276
-19.868671
-21.164667
-10.836266
-11.144426
-10.625755
-16.808552
-12.914257
-19.703554
-13.457884
-10.421272
-10.712151
-12.527983
-13.403276
-10.782692
-10.993059
-10.950451
-11.9658375
-7.586561
-8.655392
-10.049498
-10.478312
-9.838495
-11.355904
-11.419596
-12.164989
-9.071924
-11.987516
-12.877117
-11.452423
-0.57989883
-3.978077
-7.791189
-7.6447506
-7.918186
-6.378908
-6.591753
-6.9105053
-6.0077457
-5.374428
-1.8869858
-5.600506
-6.7948112
-7.1481285
-4.507864
-5.224188
-4.056059
-5.785431
-1.5846024
-3.1381474
-0.2610035
-4.470211
-4.1150055
-6.3930225
-4.7470207
-2.9310207
-5.848049
-3.409586
-7.2602215
-2.3347168
-3.5772552
-2.3555756
-2.4775715
-6.300106
-6.0763474
-7.3183613
-3.6936302
-3.7434196
-4.7011223
-1.5166264
-7.5729103
-6.315077
-3.2513409
-5.748884
-5.034569
-0.5790043
-7.8690586
-6.197117
-6.198677
-8.63308
-8.087362
-4.032959
-9.079563
-6.7884007
-7.370121
-6.870632
-8.55077
-9.647654
-12.008539
-11.098396
-10.296474
-11.969606
-10.766293
-12.450806
-12.823885
-10.771208
-9.993448
-12.485493
-13.448212
-12.362745
-14.148468
-12.257114
-13.618624
-14.899153
-14.946774
-14.035955
-15.289356
-13.191889
-15.168121
-14.518251
-15.399437
-15.060011
-15.072733
-15.307827
-14.145359
-12.983505
-13.254826
-15.25071
-22.5297
-25.772682
-23.08315
-21.655731
-17.956223
-20.61509
-22.607624
-22.059263
-25.326584
-25.940508
-21.443342
-19.916851
-21.221321
-19.666029
-24.855145
-28.056725
-26.27762
-27.729515
-23.484251
-22.853176
-28.163128
-26.454493
-31.469002
-29.47792
-23.226635
-25.96304
-25.52631
-27.357233
-32.982098
-28.874666
-29.586182
-26.71998
-27.99165
-30.936787
-31.054256
-33.58896
-27.804924
-26.6866
-28.112122
-29.818209
-33.305737
-30.175625
-30.676834
-27.740316
-32.63621
-31.819038
-33.646416
-28.798004
-27.53683
-29.686092
-30.12577
-32.958145
-26.057564
-26.829195
-29.899883
-30.435432
-21.274004
-21.11313
-16.816021
-19.45549
-16.308552
-10.345705
-8.353086
-10.034878
-18.431032
-18.022171
-21.485807
-12.670193
-8.286179
-11.217941
-11.56974
-11.966204
-12.176622
-10.880999
-11.275265
-10.38554
-9.200392
-8.967953
-7.938175
-9.812334
-9.597019
-11.077326
-12.087803
-11.566103
-12.846506
-11.628439
-12.977432
-8.190432
1.9666176
-3.818653
-7.9863167
-7.8336525
-9.179649
-6.787113
-6.5871735
-7.6481133
-6.7399445
-5.177582
-1.9204025
-6.689987
-6.2283688
-7.060505
-3.1324596
-5.6001797
-2.388342
-7.076374
-2.7931366
-3.9059792
-1.0539398
-6.4784794
-3.4347363
-7.8236713
-3.5393963
-2.2708569
-3.5250874
-1.1659069
-7.44952
-2.1706276
-4.675186
-2.5060387
-3.8364906
-5.8347454
-5.8239326
-7.757845
-2.2939262
-4.8598137
-3.8363
-0.2569084
-8.379684
-5.9456043
-4.048464
-7.311054
-2.6796856
0.1300049
-7.8994064
-6.0062923
-7.677124
-10.111786
-8.665041
-7.2218285
-9.6660595
-6.2574425
-7.320179
-7.722847
-8.011177
-9.203447
-11.699228
-10.283035
-10.851986
-12.277386
-11.044947
-12.942394
-12.027706
-10.554779
-10.636047
-12.97164
-11.434883
-12.609007
-12.899052
-10.869619
-13.231342
-15.167175
-13.913675
-14.431812
-14.149988
-12.71138
-15.2628765
-15.092806
-16.188019
-15.283848
-15.136789
-14.777126
-13.858917
-13.225681
-13.64274
-17.03208
-26.845276
-23.639711
-22.901058
-21.909668
-14.963644
-19.568186
-20.989456
-21.23999
-24.776897
-25.521896
-21.68265
-21.500023
-22.495382
-20.608839
-26.525475
-26.86865
-25.077244
-27.108637
-21.768677
-22.79078
-28.00821
-25.067902
-31.800179
-29.331537
-24.542574
-28.047758
-26.6227
-28.635206
-35.057663
-27.317606
-29.905508
-25.635134
-26.906881
-29.890554
-30.278358
-33.74805
-27.382547
-29.428654
-28.879093
-32.24778
-33.412285
-30.174955
-29.260717
-26.792198
-32.544952
-31.337635
-34.53904
-28.129864
-29.617891
-29.03948
-32.230186
-30.654848
-26.085117
-25.237879
-29.684036
-30.575432
-22.785206
-22.485582
-16.687675
-22.468975
-16.783354
-9.491123
-9.969709
-9.269493
-13.948559
-14.082691
-22.237282
-10.264803
-11.54458
-12.557283
-16.031523
-14.38163
-11.338905
-11.048191
-10.863152
-9.560501
-8.125385
-9.2291355
-8.622709
-11.290714
-10.826582
-10.141172
-11.635006
-10.351141
-10.963541
-10.959999
-12.529919
-9.181084
1.358736
-5.933695
-8.337751
-8.017441
-8.708427
-6.7967415
-7.260338
-7.8243065
-6.39851
-4.7898464
-2.6180897
-7.8214417
-5.6394253
-6.4312534
-2.6083355
-6.0836544
-1.6009388
-7.539301
-1.9927406
-4.36339
-2.30167
-5.8339863
-3.8855343
-7.3235626
-1.4832897
-5.074255
-0.85536194
-4.832464
-4.2925625
-1.3079662
-4.3978767
-0.5070877
-5.3802567
-6.2444363
-6.743778
-8.007061
-2.9016895
-5.032713
-2.5341759
Done. Our total time was: 57393ms
ave frequency = 21.2221002561288
Target frequency = 20.8333333333333
alpha filter = 0.2
Kp = 0.05
Ki = 0.002
Kd = 0.001
--------
-1.4119301
0.5364971
-0.7618599
-0.47180176
0.1839943
-0.09444427
-3.340536
-3.4449902
-3.1682072
-4.472088
-6.511673
-6.9982605
-15.893732
-16.005482
-14.782751
-15.601572
-9.2037945
-14.636906
-13.855949
-15.406437
-20.501219
-15.782776
-16.817982
-18.874931
-16.224731
-23.86209
-21.713242
-19.422125
-21.030613
-17.41828
-23.42108
-23.446154
-27.020826
-25.21923
-20.813843
-23.530533
-22.054811
-28.42808
-24.74019
-26.092194
-22.128967
-26.698877
-26.599937
-30.039568
-28.097397
-22.627626
-26.817083
-26.509209
-31.395039
-22.473246
-22.342377
-23.54611
-26.782694
-18.935566
-17.87436
-10.069744
-12.37656
-19.28751
-9.239824
-8.098267
-10.8635845
-13.971912
-8.937826
-18.149464
-11.8230915
-8.593832
-9.943403
-13.28611
-11.282
-10.407814
-9.178648
-9.808018
-10.876366
-8.709463
-7.2222443
-10.1177845
-10.316376
-11.315586
-7.981285
-8.257023
-10.755917
-10.872919
-9.062885
-11.3717575
-9.5918045
2.55188
-2.204893
-6.316229
-5.2906857
-5.552534
-2.54043
-4.7761364
-5.0780754
-2.5852737
-3.587698
-1.2062626
-5.920208
-3.9372215
-5.726322
-2.0985508
-4.553896
-1.9637337
-5.617363
-1.613224
-1.119648
-0.0474777
-3.8335342
-1.9382648
-6.3603764
-0.997324
-5.570511
0.09061431
-4.38933
-3.7281342
-0.5016117
-1.5743351
0.6065979
-1.5040989
-5.6648293
-6.061615
-6.7471237
-1.8868217
-5.493992
-2.4503937
-1.3327732
-7.8818836
-4.542637
-3.2891998
-6.3508415
-1.9009495
-2.6216335
-7.126627
-5.159708
-7.102766
-8.849812
-6.173727
-6.2076225
-8.715822
-6.304537
-7.504015
-7.40547
-9.467604
-9.96697
-11.279066
-9.670317
-9.883394
-11.497795
-9.266052
-13.1398945
-11.528994
-10.879974
-11.390856
-13.689106
-11.2974415
-13.55274
-11.806595
-11.330872
-13.569412
-13.495417
-13.544193
-14.6075535
-14.156885
-13.6922455
-14.833
-14.251333
-15.426363
-13.065529
-12.429226
-13.285067
-11.864758
-13.42804
-14.54604
-17.849705
-27.760574
-24.784504
-24.58223
-21.143791
-16.973124
-20.809616
-21.518126
-21.099392
-26.160896
-23.461733
-20.774675
-21.309923
-21.741423
-22.024422
-27.811071
-26.731373
-26.85149
-26.791021
-22.39454
-26.231699
-27.968275
-25.99726
-33.57257
-28.039726
-24.756346
-27.412848
-25.35293
-29.92396
-32.96376
-27.577356
-29.229668
-24.045467
-28.996475
-29.752409
-32.00293
-32.18769
-26.900183
-29.505058
-28.80584
-32.520775
-32.431797
-29.946325
-30.154736
-26.637133
-32.328346
-32.33263
-32.90635
-25.728802
-31.182053
-27.649485
-35.848183
-28.708973
-28.45339
-25.360716
-32.35514
-26.67176
-21.60865
-18.983038
-15.041477
-22.15188
-11.887449
-7.897835
-10.186924
-11.822416
-17.671259
-19.16958
-17.80023
-9.997625
-13.646065
-11.755035
-13.53253
-12.278713
-10.821114
-11.35183
-10.547537
-8.885742
-9.2043915
-9.539373
-9.735039
-8.778521
-10.23267
-9.969538
-11.42952
-10.717281
-10.565126
-11.953228
-13.527935
-7.3476944
0.5482216
-6.713196
-8.511917
-7.83729
-7.9673615
-5.7357483
-6.815445
-7.0050507
-4.7966022
-5.288313
-2.2169266
-7.876919
-5.595228
-6.0875797
-2.714283
-6.6176853
-4.2103558
-5.9107227
-2.672575
-3.487173
-2.0418167
-6.4558315
-3.5987225
-7.312933
-0.3191185
-5.664213
-1.0620003
-4.898924
-4.813051
-1.804945
-4.8435802
-0.13702011
-5.233425
-6.0255795
-6.572645
-7.061926
-2.3018322
-5.527748
-1.5258389
-3.050537
-7.266062
-5.364105
-4.860359
-7.069784
-1.547863
-4.5408382
-7.6878986
-5.2395306
-8.336029
-9.422291
-6.496439
-7.833664
-8.53603
-5.627186
-6.2124863
-6.9831753
-9.525587
-10.313364
-10.563595
-9.551523
-11.144461
-10.932215
-10.665247
-13.2389145
-11.449898
-10.168346
-11.386129
-14.270166
-10.911594
-14.804308
-10.735943
-12.023865
-14.744495
-13.341024
-14.437775
-14.637682
-12.739113
-14.357828
-14.332464
-14.534349
-15.456898
-13.70509
-15.538248
-14.680552
-12.42424
-13.182184
-14.39599
-21.627052
-28.492712
-23.616112
-23.454695
-18.349764
-17.359806
-20.965937
-21.408821
-23.141853
-25.618103
-23.369158
-20.641829
-21.696451
-22.28765
-23.436749
-28.686747
-25.818975
-26.539085
-24.40553
-21.092327
-27.989866
-25.558384
-28.988281
-33.83583
-25.658329
-25.675087
-27.9948
-23.516123
-30.613356
-30.749678
-28.34065
-28.670574
-25.090187
-30.730022
-29.933464
-34.7661
-31.056911
-26.796417
-29.40116
-26.75673
-32.98063
-29.62629
-32.12346
-28.205254
-31.052803
-31.900301
-33.809246
-31.935783
-26.774675
-31.761436
-28.535759
-35.55169
-25.60608
-26.204609
-24.359232
-31.479687
-24.287563
-22.145252
-16.163546
-16.834925
-21.333305
-11.746208
-13.705587
-10.821217
-14.160189
-13.428549
-19.021473
-15.11141
-10.726635
-12.400135
-12.697994
-17.467054
-11.935295
-11.443954
-11.494692
-10.917999
-8.844116
-8.801779
-9.5144825
-10.008938
-10.458275
-9.822748
-11.076664
-10.42753
-9.630066
-10.495781
-13.16696
-13.011469
-4.3994064
-0.48330116
-7.88995
-7.9273357
-8.434525
-7.014921
-7.0228767
-6.3803368
-7.5778904
-4.620796
-4.7209167
-3.8311214
-7.507641
-6.9009247
-4.6113453
-4.880129
-5.022503
-3.8634052
-3.8671455
-0.7309799
-3.5422268
-3.889202
-6.8726616
-3.3828201
-6.1847305
-1.5652409
-6.2569485
-1.6688004
-6.5503006
-5.6091995
-3.177946
-4.7007103
-1.1053677
-5.6153507
-5.815586
-6.456955
-7.1106453
-2.8172874
-5.79846
-1.1737137
-5.3674774
-7.610319
-4.8391724
-6.2276497
-6.513586
-0.89375496
-5.7447624
-7.2120285
-5.0688877
-8.397692
-8.134838
-5.5477943
-7.733536
-6.6566105
-6.7965775
-7.0387497
-8.257832
-9.00758
-11.6397
-10.5837
-9.84972
-10.7002125
-10.034502
-10.838367
-12.329956
-10.344303
-9.894335
-11.712246
-12.047636
-11.766548
-13.904013
-11.54896
-12.482454
-14.31917
-13.125984
-14.256191
-14.887323
-12.704586
-14.783953
-14.728531
-14.412539
-15.776905
-14.141792
-14.745028
-13.847448
-12.837151
-13.729366
-15.220394
-23.421392
-25.945814
-22.473314
-22.602774
-16.170422
-19.035172
-20.902552
-21.426525
-23.498089
-25.530918
-22.200022
-20.788702
-21.354458
-20.059925
-25.492321
-27.805328
-25.424751
-26.999481
-23.662321
-22.819994
-28.055613
-25.386835
-30.999706
-30.809832
-23.850412
-26.009342
-25.245874
-25.579283
-33.027393
-28.53633
-30.466217
-27.793251
-26.852867
-32.134052
-31.194609
-34.723904
-29.226486
-28.594917
-28.643408
-29.000937
-34.324326
-30.372847
-30.407736
-26.41889
-33.586002
-31.744627
-34.668686
-28.936628
-28.748186
-29.702988
-31.757812
-30.685051
-26.31013
-26.27683
-29.007153
-30.22838
-22.912354
-22.176748
-11.944124
-20.691599
-20.386559
-10.16576
-9.305462
-11.447077
-12.471079
-10.738621
-20.574202
-11.757467
-11.007645
-12.1721325
-14.1226635
-15.232391
-10.8360405
-10.723206
-11.610592
-11.023514
-9.665495
-10.217066
-7.146488
-10.147804
-11.3156185
-11.36957
-12.532351
-12.333017
-12.129644
-12.2896
-13.390068
-8.048227
0.7803879
-5.223587
-7.892746
-8.127422
-8.714792
-7.387903
-7.0077
-7.8138237
-5.0414467
-5.098974
-1.5002365
-7.9281387
-6.111103
-5.3262672
-1.6553631
-6.562937
-5.3808346
-7.0686665
-4.3917923
-5.054453
-1.443407
-5.5348988
-2.873129
-7.438074
-1.3278751
-4.574188
-2.5443306
-4.033777
-6.5050373
-2.559187
-5.342211
-0.36535835
-4.2647476
-6.1443977
-6.5908337
-7.815607
-4.0184174
-5.8516464
-4.072237
-1.7758827
-8.017145
-5.4087334
-4.6304016
-6.812908
-3.3822842
-3.3301373
-8.208746
-3.8394108
-7.375513
-8.779469
-5.983658
-6.6046715
-10.09774
-5.947546
-8.426334
-7.4851685
-8.747145
-9.304562
-10.367748
-9.090616
-10.108297
-10.731529
-9.937447
-13.284315
-11.519594
-10.714542
-11.126102
-13.02799
-10.992868
-13.668404
-11.747213
-11.148998
-14.930763
-13.611834
-14.169262
-14.988754
-13.715094
-14.781858
-15.102318
-14.5458145
-15.496361
-13.881435
-14.475513
-14.631163
-11.927977
-12.98164
-14.209969
-18.958738
-27.122707
-23.651855
-23.86367
-19.059847
-16.878483
-20.98617
-21.948086
-22.153414
-25.84586
-23.768757
-21.337929
-26.45646
-27.509172
-28.546305
-32.663464
-29.977795
-28.606256
-26.377491
-20.864908
-25.528473
-25.350595
-27.613356
-32.188126
-25.221832
-26.167082
-26.904478
-24.34813
-31.205765
-29.119854
-26.243618
-27.33405
-22.180264
-27.987879
-29.070396
-32.795494
-31.270494
-25.66893
-29.047033
-27.292395
-32.50168
-29.41639
-29.748665
-25.38695
-29.215841
-29.919476
-32.791416
-30.051064
-24.508413
-30.491825
-31.06216
-35.101986
-26.64947
-25.417
-23.322344
-29.850521
-24.310472
-21.435509
-20.274008
-18.185953
-22.951904
-10.407202
-11.006063
-10.496605
-11.808058
-10.007629
-17.606424
-12.74905
-9.547455
-12.34148
-11.496143
-16.595455
-12.492413
-11.103571
-11.912569
-11.512524
-7.4693127
-9.139299
-8.776157
-10.161148
-10.926279
-9.399298
-9.6676445
-11.829918
-9.970392
-11.253336
-12.087946
-13.144131
-0.6125889
-3.4658623
-7.1378174
-8.954472
-8.916101
-7.9737453
-7.073082
-7.036167
-7.8280697
-4.3161983
-4.383953
-4.1437798
-6.6766014
-6.337572
-3.7359447
-3.5759048
-5.5274124
-5.8007107
-5.936758
-4.599539
-3.7972069
-2.731285
-6.4499187
-5.5934505
-7.3753967
-2.6918201
-6.4410534
-1.9284115
-6.163439
-4.0682907
-4.1478577
-5.0455437
-1.6408672
-5.8641186
-6.4405155
-7.717737
-6.7945232
-4.6021976
-6.025587
-3.7524261
-4.789793
-8.366972
-4.897894
-4.9418144
-7.198038
-0.6718674
-6.784794
-7.7971573
-5.114868
-8.768444
-9.588497
-5.9466133
-8.446611
-8.802412
-6.4441013
-7.529146
-8.456003
-8.533928
-10.697109
-10.902887
-10.410051
-11.85648
-9.963816
-10.90037
-13.799681
-10.835375
-10.44879
-11.868755
-13.939501
-11.07513
-14.360775
-11.734655
-12.330782
-14.279587
-12.760267
-13.677336
-14.974762
-12.556278
-14.938669
-14.886036
-15.00424
-15.696875
-14.244017
-15.249775
-14.642603
-12.956936
-13.836914
-14.449707
-21.547228
-26.321428
-22.683367
-23.530174
-20.339891
-18.094236
-21.19796
-20.856276
-22.00398
-25.09535
-22.755188
-20.29517
-20.701223
-20.995438
-23.045076
-27.68394
-25.91009
-26.492687
-24.959303
-21.81367
-27.385044
-26.490677
-28.235203
-32.52182
-24.926521
-25.10944
-26.998438
-25.692648
-32.445713
-32.985893
-27.570833
-29.297768
-22.910065
-29.767168
-28.593506
-31.849546
-29.750593
-26.076965
-30.013744
-28.585817
-34.92667
-30.444376
-31.323439
-27.121721
-29.326519
-31.972687
-32.672436
-31.576262
-26.584957
-31.22425
-30.860327
-34.624
-28.467812
-25.822018
-26.060266
-31.864729
-25.74881
-22.441277
-20.532637
-17.85662
-24.426075
-10.035282
-9.046719
-9.010302
-12.696205
-15.257582
-20.382708
-15.643639
-11.441988
-14.240738
-10.756884
-12.364449
-11.948717
-11.342133
-10.586552
-11.124102
-10.375696
-9.558533
-10.385807
-9.168442
-8.566097
-9.247152
-11.367603
-12.648552
-10.725456
-10.912531
-14.56072
-12.573076
-2.5521698
-1.3243504
-7.7546597
-8.138983
-8.060839
-7.87533
-6.597782
-6.75185
-6.990347
-4.92264
-4.72266
-4.319689
-6.6730347
-5.8829117
-2.6093826
-4.9625397
-6.4667587
-5.8339157
-5.736973
-3.7809315
-3.0767212
-2.0213642
-5.4819775
-3.8616524
-6.060898
-0.2150898
-7.077013
-2.4694862
-7.0700226
-4.1382675
-3.4100933
-3.0813694
-2.047245
-6.008747
-5.8680477
-7.8007317
-6.005224
-3.693098
-5.529482
-1.0627346
-5.428425
-7.4560413
-2.9814625
-5.3869
-4.54356
-0.40052798
-5.72929
-7.3414764
-5.8910656
-9.40527
-9.487673
-6.186016
-8.442568
-8.448914
-7.071968
-5.583055
-8.075617
-8.992456
-10.76689
-10.447004
-9.995075
-10.893078
-9.818769
-11.7104
-13.19125
-11.025127
-10.078106
-12.371243
-12.876701
-11.43729
-14.435471
-10.806099
-11.584745
-14.52334
-12.771561
-14.694279
-15.165455
-13.759529
-15.1758995
-14.639034
-15.288145
-15.25489
-13.712915
Done. Our total time was: 49303ms
ave frequency = 21.2157475204349
Target frequency = 20.8333333333333
alpha filter = 0.2
Kp = 0.05
Ki = 0.002
Kd = 0.001
--------
-10.1803665
0.27310562
0.18909454
-0.16978073
-0.1596489
-0.24601936
-0.1743164
0.14145088
-0.5181961
-0.45854187
0.3983097
-0.3516388
0.20628738
-0.48142242
-0.7472439
-0.6628761
-0.34413147
-0.50873566
-1.0269585
-1.0628986
-1.5935249
-2.3964615
-2.8698883
-3.410059
-1.3285217
-1.055109
-1.6479187
-1.4275818
-0.99583817
-0.31622505
-0.788229
-0.99780655
-1.5148888
-0.8619766
-0.34973717
-0.31178284
-1.1973286
-1.9894753
-1.2357712
-0.89245987
-0.7954197
-1.0102844
-2.1595497
-2.3669643
-1.1101799
-1.6594772
-1.2378654
-3.9162617
-2.6239262
-4.112192
-2.7043324
-1.5443153
-3.9377804
0.48282433
-1.2537117
-1.1659603
-8.340376
-13.099144
-9.278622
-13.865711
-5.1401024
-4.346092
-7.680092
-7.5311203
-9.725971
-18.791481
-11.844765
-11.069464
-10.354383
-10.92005
-11.983616
-19.48619
-12.533516
-21.359705
-14.899601
-9.894409
-16.452726
-12.554573
-16.598787
-23.732271
-12.840515
-17.22052
-19.802835
-19.38347
-26.33363
-21.660538
-20.394785
-16.91817
-11.62999
-19.227633
-18.709286
-24.43412
-19.988598
-17.914995
-19.7113
-20.929129
-25.173447
-22.559793
-21.938179
-13.54417
-21.625843
-23.011433
-27.042124
-22.109753
-22.621456
-22.830894
-22.525414
-24.251448
-17.47487
-17.463379
-19.628826
-27.502487
-22.921848
-22.52216
-20.600075
-23.276981
-22.708212
-15.074448
-17.47056
-10.766609
-20.709913
-25.918274
-26.92893
-22.16774
-22.047455
-20.93949
-27.309542
-17.816082
-18.152319
-13.48605
-24.116282
-24.091024
-23.239277
-18.099993
-22.697536
-25.261486
-29.266134
-18.802422
-22.265547
-23.94604
-26.453552
-16.680843
-23.409142
-20.063358
-11.506474
-13.708935
-16.837112
-17.720459
-17.61913
-15.357353
-15.191473
-16.434668
-15.912769
-13.957174
-13.126816
-13.358162
-14.889523
-13.832865
-12.557674
-12.000761
-11.56636
-13.431374
-11.628012
-9.897856
-9.231674
-10.408209
-12.466127
-12.724829
-11.605656
-8.912241
-11.040323
-7.8007774
-11.658625
-9.250458
-8.443361
-8.589869
-6.8929443
-10.479267
-9.659521
-11.481712
-10.741512
-7.499939
-10.208921
-7.1219482
-8.5757065
-10.443462
-7.870289
-9.18692
-8.706377
-5.748291
-9.675306
-9.410913
-7.823572
-10.817154
-9.840105
-8.152748
-10.067461
-10.085272
-8.695995
-6.694124
-6.0250473
-9.095598
-10.525509
-10.475403
-10.0702095
-10.022039
-9.301422
-9.338684
-10.222586
-6.5871887
-7.5344143
-6.0872574
-9.078869
-7.8319473
-8.34585
-5.9432545
-8.039129
-7.3470364
-8.752163
-7.248892
-6.7948704
-6.147484
-6.2362576
-8.815765
-7.657297
-9.9032135
-6.3840847
-8.891962
-7.3245907
-3.0694847
-5.9955177
-6.0366783
-17.74274
-14.782263
-16.583487
-12.286755
-6.5357323
-10.2815895
-10.227695
-16.024033
-16.656885
-19.304491
-11.845173
-12.09137
-10.615107
-11.052607
-19.725721
-19.61079
-21.2935
-20.102255
-10.131283
-13.195772
-18.543102
-13.53537
-24.374073
-20.39544
-14.573671
-21.170826
-19.402996
-21.95401
-25.48626
-20.138615
-20.835741
-14.131199
-19.088371
-20.398912
-24.84795
-25.224808
-19.703903
-22.564125
-21.962564
-23.514332
-24.416912
-22.44702
-19.373459
-16.782923
-23.988688
-21.989704
-25.560858
-19.335123
-22.264534
-21.54056
-25.438921
-23.46623
-18.738447
-20.139545
-20.926874
-28.340633
-21.665138
-23.7583
-16.07124
-26.737455
-22.82177
-20.111149
-13.951132
-14.864922
-23.858442
-24.045782
-26.774908
-15.15514
-23.702627
-17.189041
-25.853865
-22.659807
-23.577883
-13.716566
-24.433542
-23.17525
-23.211115
-16.673286
-22.050741
-25.993721
-26.208775
-21.030437
-24.10425
-25.374033
-27.452166
-19.689978
-25.475534
-21.08033
-12.408813
-10.758726
-15.641216
-16.505623
-17.30361
-15.767973
-15.805824
-15.885389
-16.988792
-13.220453
-12.975542
-13.513702
-14.888025
-14.240221
-11.873741
-12.469151
-12.512253
-14.415058
-11.55777
-10.218483
-8.988827
-10.672859
-12.48723
-11.77231
-12.255093
-8.152172
-11.701557
-8.720701
-12.067259
-9.261486
-8.216465
-8.884748
-6.8005486
-10.303528
-10.041018
-11.347561
-9.054649
-7.8488293
-9.522863
-7.039482
-9.936977
-11.351599
-7.1644707
-8.6049
-8.25749
-5.212368
-9.529198
-9.92968
-8.763916
-12.107922
-10.652578
-8.564487
-10.305862
-10.180378
-8.944576
-4.4761963
-7.958748
-9.558262
-10.878424
-9.662313
-9.266254
-9.54237
-9.191742
-10.566799
-9.320457
-6.4506016
-7.6470356
-5.948288
-9.16485
-8.113911
-8.5693245
-6.513752
-7.874666
-7.339878
-8.340858
-6.285986
-6.646557
-5.260685
-7.423979
-8.394629
-7.8329353
-10.802107
-6.89435
-9.275995
-6.0744705
-4.5652122
-6.777729
-8.520491
-17.697708
-14.521606
-15.591164
-10.553139
-7.818651
-10.754675
-10.847883
-18.161257
-20.662687
-17.162308
-11.85149
-11.229813
-9.719482
-13.152405
-20.349606
-16.105934
-20.236979
-17.019049
-11.393883
-17.783436
-16.367243
-20.301651
-26.135252
-18.0306
-16.693563
-20.286255
-17.415928
-25.236794
-23.044992
-20.486656
-16.953701
-11.856266
-20.079172
-20.861795
-25.693312
-23.579308
-19.275513
-21.929811
-22.093243
-27.999767
-22.391663
-21.693636
-15.552792
-17.924671
-22.691563
-24.983257
-24.882465
-21.461834
-24.615063
-22.067734
-28.5743
-20.128164
-18.855335
-18.40811
-25.11395
-24.83882
-19.54911
-20.70907
-20.803791
-29.102625
-19.905424
-23.012405
-12.186407
-19.742796
-22.346643
-24.40778
-23.459373
-21.80632
-21.210526
-23.957613
-24.850607
-19.55672
-16.029469
-16.420128
-24.391582
-26.411188
-18.802038
-21.469864
-23.040531
-28.854431
-24.28651
-21.368137
-22.754091
-24.976915
-19.509712
-19.234728
-22.546501
-13.971056
-10.255875
-15.431606
-17.931973
-18.151196
-17.36337
-15.63039
-16.317791
-16.745535
-14.244011
-13.330111
-11.999228
-16.37216
-14.207783
-14.831747
-10.5837555
-13.803392
-11.392014
-14.092358
-10.879932
-10.647373
-9.941788
-12.732986
-10.29764
-13.276871
-8.453594
-11.326067
-8.528986
-10.906557
-12.048929
-8.362423
-10.3829
-6.7847424
-9.286196
-10.259905
-10.044405
-12.010923
-7.6957664
-9.369446
-7.9857197
-7.524246
-11.36183
-8.618546
-7.7500153
-10.018042
-5.7401085
-7.252304
-10.578775
-7.9752064
-10.1147995
-11.42905
-8.667431
-10.071018
-10.173355
-7.8440933
-6.6910477
-5.762295
-9.06031
-11.342739
-10.6220875
-9.258478
-9.67268
-9.46426
-8.696539
-10.479647
-7.3102627
-7.507202
-6.1018105
-8.651325
-7.9401417
-8.447269
-6.8980236
-7.1191406
-8.018017
-8.623066
-8.351929
-6.2913704
-7.0629635
-5.7467804
-8.620712
-6.8174095
-10.062914
-6.194113
-7.0257874
-7.518917
-4.184332
-7.384363
-6.8422775
-16.652384
-22.627651
-13.399986
-18.122751
-7.6586113
-7.54249
-9.518215
-10.597031
-17.697557
-20.140566
-12.494221
-17.443506
-11.414404
-10.308771
-17.217129
-20.211252
-12.594961
-21.323126
-14.4709015
-11.537548
-22.637833
-21.127224
-25.736671
-24.701303
-16.223225
-17.924328
-13.697012
-16.193823
-22.765686
-19.456217
-21.301586
-14.03553
-16.719755
-21.69831
-24.505445
-25.753366
-21.334263
-20.680183
-18.76048
-23.116516
-24.851315
-22.571898
-21.98898
-15.795557
-24.06228
-22.798252
-25.872763
-20.460354
-22.944626
-21.612043
-25.667002
-25.817453
-19.687904
-18.808573
-22.353207
-28.716686
-16.49432
-23.209091
-16.395948
-25.191607
-23.208426
-22.808262
-11.149227
-14.019028
-23.237062
-24.79914
-27.491158
-21.012411
-22.647053
-21.99871
-25.603212
-19.556873
-18.473467
-16.08929
-26.445189
-23.623173
-24.088913
-17.324638
-23.74465
-26.450182
-26.183273
-17.943224
-22.812645
-24.849895
-24.654995
-19.370853
-24.991514
-21.698769
-10.853376
-11.134119
-16.716095
-17.06561
-17.419586
-16.370888
-15.649698
-16.44645
-15.956791
-13.778387
-12.974651
-13.9076
-15.772049
-13.931404
-12.547434
-12.330759
-11.357712
-13.805962
-11.3554535
-9.676754
-9.797842
-10.412754
-12.310005
-12.422884
-11.143127
-8.40909
-12.132591
-7.789812
-12.7799
-9.088047
-9.1129055
-9.21331
-7.6802864
-10.887697
-9.9896755
-12.07798
-9.874485
-6.933302
-9.483778
-6.579092
-9.5392475
-9.997187
-7.6155777
-9.03957
-8.260254
-5.6459064
-9.815451
-9.44858
-8.215055
-11.501278
-10.68116
-8.133301
-10.186029
-9.76343
-9.316658
-6.9802017
-9.175053
-9.534977
-11.445377
-10.212673
-8.485394
-8.836718
-8.5417385
-8.655916
-9.992796
-6.8986607
-7.51845
-6.4248257
-9.169195
-7.653021
-8.95709
-6.179531
-7.2278748
-7.324997
-8.534885
-6.745373
-7.1618385
-6.330303
-7.552574
-7.899887
-7.2765255
-10.165478
-6.152279
-7.5462646
-5.994892
-4.6203117
-7.2976074
-8.014532
-18.437412
-18.167439
-17.185513
-12.099113
-7.309765
-9.88105
-10.287304
-14.8594
-19.219452
-19.512808
-11.775425
-15.356285
-9.190275
-8.595694
-18.341599
-19.085459
-18.359034
-22.938572
-15.04258
-14.349028
-20.80431
-13.4365425
-22.654757
-20.172146
-12.883484
-20.27714
-16.05396
-20.297089
-25.525974
-21.209898
-21.804218
-15.422277
-21.809212
-22.025024
-25.646545
-25.003103
-14.704109
-19.305626
-16.839598
-21.213558
-23.390633
-23.227907
-22.012165
-20.698849
-25.70504
-23.916283
-27.776028
-19.734917
-22.30447
-20.772573
-25.023993
-20.146002
-17.622223
-19.005863
-21.165909
-27.875214
-19.026793
-24.652939
-18.053442
-26.694399
-22.19389
-19.242172
-11.097187
-12.092306
-22.547533
-23.28804
-27.494312
-22.429733
-24.876585
-23.142431
-27.570583
-17.271349
-18.587557
-10.890415
-25.88975
-24.160603
-25.14487
-19.500317
-25.415041
-27.552332
-27.549871
-16.305485
-23.304012
-23.289492
-24.940985
-18.31431
Done. Our total time was: 39819ms
ave frequency = 21.2210251387529
Target frequency = 20.8333333333333
alpha filter = 0.2
Kp = 0.05
Ki = 0.002
Kd = 0.001
--------
-14.144627
0.027820587
0.8213997
0.14138985
0.22546577
0.17574883
0.2880268
0.22396278
0.6300888
0.2519741
0.4915657
0.45824242
0.32102013
0.2900524
0.6738167
0.15431786
0.37099838
0.1292057
0.27192688
0.27240562
-0.13565063
0.25933456
0.20730591
0.7241421
0.302063
1.0208893
0.21044731
0.31145096
0.55329895
-0.31713867
0.78214073
-0.050434105
-0.17430113
0.47169495
0.075948715
0.45965382
0.6042042
-0.22416687
0.1934681
-0.30490875
-1.0987606
-0.7407665
0.16915321
-0.45103836
-1.4973774
-0.11738207
-8.022032
-12.669033
-9.242186
-10.871902
-6.167303
-5.9031715
-13.488428
-7.4043045
-17.778744
-17.72497
-8.188086
-11.894758
-10.9716
-9.922714
-21.610235
-16.248474
-16.922615
-11.806988
-16.732565
-20.807535
-23.612078
-24.419462
-14.006245
-18.174534
-12.385374
-18.005098
-22.70442
-20.035849
-20.42593
-14.544271
-22.983425
-22.62509
-25.237627
-18.689642
-21.191969
-22.652264
-23.087906
-24.140041
-16.905638
-16.922989
-19.063694
-25.64046
-15.523777
-21.043682
-16.282997
-24.076147
-22.656588
-15.476294
-13.182476
-11.115683
-21.163136
-23.30417
-26.933676
-20.778934
-22.4945
-20.488989
-24.643545
-18.940617
-18.716011
-11.992474
-19.987347
-23.420109
-24.694555
-18.39999
-24.60505
-24.693312
-29.218779
-18.6596
-21.650461
-24.641626
-24.509731
-14.550474
-22.053017
-21.564234
-11.106619
-11.489815
-15.649094
-16.99104
-16.768467
-16.725256
-15.391249
-15.241968
-15.694698
-13.273207
-12.569572
-13.829945
-14.626736
-14.019089
-12.445616
-11.504581
-12.375841
-12.41691
-10.714346
-10.063553
-9.163004
-9.436638
-11.54134
-12.861088
-12.690269
-7.822506
-11.456898
-8.627735
-12.174244
-8.212244
-8.421305
-8.480667
-6.806568
-10.582485
-9.755779
-10.641123
-9.611223
-7.78701
-9.03466
-6.8911877
-9.559126
-10.239473
-7.5359154
-9.006374
-9.128897
-5.0138664
-9.107388
-9.591507
-7.9662704
-11.125319
-10.030806
-8.176464
-10.155926
-10.259029
-7.867979
-5.4456406
-8.6559925
-8.100595
-10.216705
-10.536266
-9.372473
-9.571833
-8.944525
-9.099052
-10.412813
-6.6324196
-6.954483
-6.3810863
-7.823471
-7.757229
-8.8371315
-6.521349
-7.742567
-7.7749577
-7.9067326
-7.4711533
-5.7492237
-6.5775547
-6.602421
-8.8685
-7.2421894
-10.797405
-5.6392803
-8.585207
-6.9094696
-4.9552975
-7.370693
-7.1507435
-20.334816
-17.939808
-18.34302
-15.405741
-8.84457
-7.481909
-7.628786
-8.405598
-12.880396
-18.799788
-12.423744
-17.96044
-14.789791
-11.169243
-18.834234
-17.31478
-15.988256
-20.545763
-13.444014
-13.152931
-21.073
-15.905649
-25.64862
-21.896032
-14.304707
-21.331062
-13.821342
-17.442554
-22.998198
-16.880344
-20.62705
-13.886662
-20.181921
-23.0858
-26.53601
-25.982576
-20.637644
-21.547283
-18.84186
-23.794296
-25.079643
-22.8201
-22.30469
-17.868382
-25.071676
-22.468855
-26.371817
-18.911802
-22.464287
-21.829016
-27.258768
-22.766954
-18.882797
-19.281715
-20.578442
-27.972675
-16.889526
-21.911942
-13.877718
-26.223282
-22.3712
-23.728315
-15.485189
-13.259293
-22.482618
-23.705696
-24.243164
-20.26972
-21.751453
-22.54627
-26.98974
-22.09393
-22.83632
-15.496431
-25.65697
-25.846363
-21.671282
-15.878401
-22.48436
-25.41331
-27.315968
-18.654203
-22.596655
-25.410315
-25.977512
-20.527683
-23.66663
-22.057909
-10.05394
-11.979357
-15.076944
-17.638247
-17.16828
-16.695522
-15.089821
-16.57512
-16.145182
-14.169029
-13.075373
-14.719622
-15.787924
-13.96718
-12.598408
-11.32176
-12.825588
-12.198698
-12.242954
-10.174227
-9.936523
-10.367306
-13.090662
-11.896652
-11.552834
-7.875805
-11.0364895
-7.992611
-12.498566
-9.09729
-8.654854
-9.659363
-6.9990654
-10.692972
-9.583279
-10.774879
-9.8539715
-7.500082
-9.486454
-6.3521385
-9.532593
-10.062298
-7.7747784
-9.256819
-8.331633
-5.470886
-9.922258
-10.278315
-8.496105
-11.436995
-10.246269
-8.063999
-10.097862
-9.128941
-7.896826
-7.6441135
-8.5661335
-9.717842
-11.186262
-10.858194
-8.937935
-9.519899
-8.9028015
-9.450621
-9.584343
-6.8924313
-6.930788
-6.7645435
-8.259476
-7.9311924
-8.811077
-6.021797
-8.544603
-7.955654
-7.6266727
-6.8295364
-6.773283
-5.940426
-7.253723
-8.317247
-7.5425014
-10.421072
-5.3130684
-8.6492
-6.6527386
-4.220154
-7.2323627
-7.336914
-19.046106
-17.474846
-15.850468
-13.457218
-7.8288097
-9.694973
-10.247961
-12.340033
-18.233837
-19.506552
-13.359802
-16.671448
-12.533037
-10.068232
-19.573854
-18.14018
-19.084969
-20.376078
-11.125912
-11.820564
-18.032942
-16.519306
-26.947008
-21.667025
-17.348686
-21.232492
-18.981504
-21.381248
-24.063555
-16.161316
-18.82476
-12.756691
-16.76341
-22.308996
-26.535025
-25.552582
-20.959677
-22.601526
-20.621264
-24.232327
-23.070219
-22.365433
-16.708084
-16.608437
-24.777948
-23.727936
-27.068727
-21.04624
-23.094126
-21.354624
-26.511057
-22.524193
-19.094893
-19.684101
-25.516142
-27.780214
-17.98093
-23.26736
-13.969484
-25.223686
-17.784197
-21.765451
-15.284765
-20.64119
-25.459112
-27.888615
-25.18941
-16.843138
-22.579647
-16.97245
-22.636673
-20.400892
-19.852463
-21.198933
-28.218443
-26.332045
-20.164999
-19.892174
-23.84767
-25.351124
-22.998219
-16.050882
-22.705914
-24.859406
-23.820484
-24.025862
-26.492065
-19.83655
-10.248066
-12.759136
-15.987774
-16.424088
-17.796148
-15.595297
-16.125874
-16.586706
-14.980791
-14.035688
-12.374027
-14.085566
-13.791174
-14.532263
-10.82534
-12.404478
-11.041033
-13.261555
-11.192167
-10.373802
-8.912739
-10.651709
-11.714415
-12.777529
-10.3779545
-8.073847
-10.917164
-7.452381
-13.3278885
-8.479893
-9.295382
-8.898289
-7.517559
-10.35358
-9.263241
-10.753538
-8.314648
-8.458855
-8.678497
-7.107193
-11.501921
-9.637745
-8.094625
-9.310616
-7.462448
-5.4785557
-10.621231
-8.681719
-9.4025955
-11.982315
-9.788721
-8.509411
-10.986738
-9.809326
-8.155891
-4.2507496
-8.826424
-9.218639
-11.457962
-10.732906
-9.262236
-10.018499
-9.241518
-9.927931
-7.975357
-7.165901
-6.717436
-7.626404
-8.738266
-8.142944
-8.491821
-5.9278812
-8.509661
-7.9331036
-8.152029
-6.2682533
-7.1650276
-4.6753216
-9.793034
-8.312862
-8.90082
-8.152079
-6.461319
-8.124559
-4.4701405
-4.94668
-7.1977444
-9.780876
-21.448692
-16.13625
-17.7114
-11.868868
-7.467621
-10.863434
-10.273571
-14.679537
-19.505415
-18.96988
-14.818516
-13.607109
-9.898956
-11.185801
-19.947735
-16.61488
-20.98405
-20.174707
-12.230686
-17.473215
-16.02259
-15.087994
-24.550081
-16.85444
-16.92412
-20.29098
-16.739107
-22.323542
-23.195557
-21.052935
-20.540167
-14.1201935
-20.331074
-20.704018
-25.414633
-24.03306
-19.881918
-21.937603
-22.41933
-25.781368
-22.89214
-22.40457
-16.175915
-19.782393
-23.980837
-26.254314
-24.826376
-20.480507
-24.329823
-21.328754
-28.149885
-20.678349
-18.145435
-19.467922
-25.66401
-21.037304
-18.988495
-23.167034
-12.924784
-29.904276
-21.058598
-21.32491
-10.499546
-19.732162
-21.734259
-25.26831
-24.926607
-21.105236
-23.097046
-25.776081
-23.994781
-20.29188
-17.804504
-18.036697
-25.830053
-24.968723
-20.150587
-20.249079
-22.308626
-28.08161
-19.827013
-17.490215
-21.963932
-25.053465
-24.34458
-23.379261
-25.508402
-19.52279
-8.83231
-13.218002
-16.54058
-16.896673
-17.29843
-15.098087
-15.842926
-16.590277
-14.959799
-14.066149
-11.995848
-14.903318
-13.508545
-14.053257
-10.811895
-12.907751
-10.898432
-13.958986
-10.686813
-10.690638
-8.445772
-12.495407
-10.924238
-12.890646
-9.951397
-11.813896
-9.218325
-8.901535
-12.51358
-7.417824
-9.445322
-7.2387886
-8.248962
-9.64868
-9.540396
-11.189383
-8.1815815
-8.633038
-9.287222
-6.996502
-11.25839
-9.167675
-8.347431
-10.077751
-7.1823864
-6.4300766
-10.496378
-7.5961018
-9.133997
-11.358316
-8.851755
-8.600134
-11.102249
-8.543074
-8.515404
-5.4961452
-8.875172
-9.448229
-11.277359
-11.276209
-9.839359
-10.081192
-8.993267
-9.994074
-6.9919243
-8.09054
-5.6093464
-8.838379
-7.738844
-8.259644
-6.87899
-6.6671696
-7.805973
-8.001291
-7.9009266
-6.51293
-7.5159435
-6.368469
-9.765266
-7.5786877
-10.25211
-6.9874783
-7.8921394
-8.444281
-3.1530056
-5.9372025
-6.728096
-13.793503
-19.828976
-15.1831
-14.806656
-8.466253
-8.885912
-11.273169
-12.187229
-17.316063
-21.283047
-10.986538
-13.817272
-10.482494
-9.325352
-16.13317
-20.865704
-19.103918
-22.361298
-14.783827
-11.330004
-20.746958
-14.089552
-25.043999
-24.02733
-13.041346
-19.207598
-20.726866
-16.98487
-24.809406
-20.495049
-19.976799
-13.9053
-15.634413
-21.078611
-24.60917
-26.324429
-22.415388
-23.11679
-19.768574
-21.828161
-25.74241
-22.102022
-19.937939
-15.837814
-24.310564
-23.634533
-27.03201
-22.498676
-23.122839
-23.128103
-24.474667
-25.491941
-18.08069
-18.086224
-20.549196
-27.285168
-18.76715
-21.669594
-17.564255
-23.838408
-27.006931
-22.141752
-19.481133
-11.810381
-23.254923
-21.27044
-26.450827
-17.213913
-21.045483
-17.395777
-23.890526
-23.601692
-23.66702
-17.658237
-23.779243
-24.952028
-25.356083
-15.87418
-21.50315
-19.372837
-26.127281
-17.569914
-21.783138
-23.799175
-27.312382
-24.461952
-25.1561
-22.402391
-13.144669
-10.101149
-14.777403
-17.444693
-16.993168
-17.489023
-15.629927
-15.870459
-16.56586
-13.433464
-13.549513
-12.141197
-14.841272
-13.946707
-12.421022
-11.443279
-12.972725
-12.950718
-13.372759
-9.967558
-10.492935
-9.565596
-13.1866665
-11.221857
-13.452736
-8.777452
-12.165682
-8.762482
-12.404673
-10.775885
-8.041483
-9.080696
-6.4163227
-9.629835
-9.745419
-10.825499
-10.566004
-7.3645897
-9.961487
-7.268402
-8.557589
-10.955235
-8.214844
-8.212526
-9.135366
-5.7454834
-7.980545
-10.354576
-8.392675
-11.867672
-10.82333
-8.382111
-9.384693
-9.963055
-8.615578
-8.256334
-8.023018
-9.124939
-10.238207
-10.748978
-9.530115
-9.277931
-9.659121
-9.458914
-10.9606285
-7.29084
-6.606806
-5.768326
-7.096573
-8.014912
-7.9262714
-6.6606236
-7.1057396
-8.168194
-8.213314
-8.510942
-6.8341026
-7.6147995
-5.6414948
-8.569391
-6.374632
-9.953732
-7.761408
-7.368641
-9.517258
-3.8772392
-6.5950737
-6.364153
-12.598091
-18.922722
-13.313168
-18.029285
-8.85848
-9.821707
-13.321106
-13.066242
-20.038464
-21.103134
-11.35766
-13.910942
-10.716455
-8.061253
-17.998123
-18.6221
-15.962805
-20.969994
-14.8346615
-11.871668
-22.060959
-15.716885
-25.10255
-23.356556
-12.32585
-20.955862
-16.138264
-17.536722
-24.594372
-21.090555
-19.414488
-13.383579
-15.422825
-21.858013
-24.725399
-25.94189
-20.553654
-22.7744
-22.72126
-23.21872
-25.821386
-22.43449
-19.903591
-14.106113
-22.221416
-22.947529
-26.893057
-20.99414
-23.748219
-22.487738
-24.347446
-26.181767
-18.82276
-19.099995
-20.363117
-27.81277
-20.746956
-23.678501
-20.12781
-24.585764
-23.884438
-20.67276
-16.464592
-13.698931
-21.643438
-23.523602
-27.834661
-20.285767
-22.71149
-22.603926
-25.565567
-22.295155
-22.523563
-11.896317
-24.317955
-24.212944
-26.325485
-15.177523
-21.588139
-24.50902
-26.978245
-12.153894
-22.047588
-22.934292
-26.44417
-24.914679
-28.718098
-25.78922
-14.543531
-11.611483
-14.34127
-16.54352
-16.08927
-14.7331295
-13.871454
-15.899656
-16.238544
-13.778112
-13.637194
-13.152626
-15.244146
-14.362376
-13.802324
-10.436829
-12.9009
-11.238256
-12.128687
-9.976744
-9.612576
-9.136911
-12.87981
-10.835461
-13.54636
-7.5196857
-11.019932
-8.023285
-12.190544
-10.574631
-8.118074
-9.14654
-6.274454
-9.561491
-9.681892
-11.494753
-10.949219
-7.6323338
-10.087238
-7.4745636
-7.975281
-10.360867
-7.9631405
-7.6851234
-8.827507
-5.803276
-8.751165
-11.067963
-8.300959
-10.866558
-10.910824
-8.23909
-10.304674
-9.714455
-8.3458
-6.0212955
-4.6506424
-8.40859
-11.114782
-10.194101
-10.205374
-10.38505
-8.937592
-9.8761635
-10.194271
-7.089985
-7.156372
-6.449753
-7.8239803
-7.857828
-9.137611
-6.794113
-7.6131554
-8.727968
-9.064541
-7.499302
-6.6107254
-6.2185917
-6.0128098
-7.947994
-7.302307
-9.880453
-6.933552
-7.84964
-7.5056496
-4.349489
-7.005993
-7.62471
-16.50896
-18.533792
-15.352879
-13.938868
-6.8888245
-7.928381
-7.3122463
-10.753147
-17.733221
-21.321661
-13.768694
-19.425709
-13.682919
-11.277781
-20.785583
-16.138536
-20.03157
-19.602966
-13.229685
-17.444304
-21.089931
-14.958416
-24.5849
-21.439007
-14.874912
-20.343447
-13.600143
-17.082249
-24.436054
-19.501617
-19.993122
-14.39436
-19.463606
-22.877356
-25.93464
-26.114367
-20.84661
-23.247654
-18.989685
-24.173231
-22.30974
-22.3568
-18.68606
-20.128212
-24.466137
Done. Our total time was: 53301ms
ave frequency = 21.2378754619988
Target frequency = 20.8333333333333
alpha filter = 0.2
Kp = 0.05
Ki = 0.002
Kd = 0.001
--------
