0.014967918
-1.8513584
-6.435053
-19.746748
-32.929245
-32.731213
-29.920837
-22.303051
-19.063452
-16.581244
-18.171926
-22.292738
-24.556267
-26.996675
-26.984224
-25.734348
-20.128662
-18.949127
-17.509329
-20.605415
-24.526146
-28.371452
-26.98082
-25.881876
-23.428253
-20.20691
-17.54193
-21.12384
-30.961166
-29.960148
-30.520948
-28.862482
-21.311758
-22.35017
-24.022163
-26.502558
-30.238792
-26.625559
-27.575296
-25.877487
-25.510418
-26.611626
-26.91647
-28.757639
-27.037033
-26.985088
-26.854683
-26.378956
-27.726646
-25.666416
-26.47749
-24.815268
-27.714449
-23.991373
-26.67433
-26.070686
-25.730125
-28.723085
-25.100456
-26.49133
-29.090563
-21.402727
-23.107347
-21.192062
-18.59341
-23.141396
-21.93504
-22.307146
-20.266924
-24.257479
-23.389849
-24.464592
-22.708727
-23.122185
-22.514511
-23.733484
-23.298046
-21.80598
-22.919851
-24.990007
-24.790655
-22.205093
-21.042767
-19.686478
-23.001188
-23.200829
-24.281971
-23.1446
-23.871479
-21.26736
-23.212336
-23.193762
-25.710245
-30.258892
-25.394789
-25.16358
-28.166534
-24.191614
-26.47834
-27.516706
-26.002071
-27.661736
-25.699034
-27.351442
-26.276157
-26.78944
-29.429157
-27.299847
-26.910692
-25.929926
-27.343567
-25.72259
-27.668344
-27.577879
-27.319818
-27.528805
-22.285587
-26.831585
-25.13102
-27.784245
-26.504864
-27.04232
-27.9301
-24.93837
-27.830076
-30.227024
-21.360779
-23.626286
-20.447443
-19.529247
-20.81261
-20.995922
-22.735512
-22.809326
-25.131195
-25.114672
-23.663544
-20.172483
-20.600948
-22.800621
-23.571402
-23.835846
-23.213522
-23.483265
-24.860254
-24.345692
-22.479654
-21.197655
-19.984245
-22.726938
-21.102753
-23.83937
-23.82112
-25.306993
-22.191334
-23.029526
-23.100986
-23.964945
-29.391394
-25.455366
-25.948217
-27.930561
-26.27432
-27.439495
-27.38187
-24.409285
-27.507639
-26.229326
-28.190248
-26.61755
-25.525892
-26.17924
-27.154076
-29.980389
-27.961962
-29.147486
-24.49251
-25.366484
-27.040796
-28.08025
-27.368992
-23.570662
-26.056677
-24.717073
-27.716465
-25.649942
-29.126041
-28.035902
-26.334618
-27.205355
-28.437788
-21.9956
-22.814032
-20.324524
-20.622066
-22.4044
-22.636412
-23.614838
-21.669445
-23.245268
-22.633833
-23.485395
-22.599876
-22.497402
-24.188986
-22.834518
-24.134296
-20.41423
-21.52596
-25.071651
-24.731554
-24.12906
-21.598898
-21.048317
-21.984022
-21.919542
-23.873838
-21.910072
-24.968927
-23.959694
-23.586466
-22.36226
-23.357292
-27.622147
-28.099312
-25.709507
-27.689657
-25.528318
-27.614079
-27.647
-24.688818
-27.267715
-25.974384
-28.903818
-27.564745
-25.856293
-27.703276
-26.18066
-28.776787
-26.32107
-29.194098
-24.53911
-27.984764
-27.191608
-29.047623
-27.721748
-22.509687
-25.761082
-25.456354
-28.775682
-25.854517
-28.381134
-24.949108
-26.849997
-29.359858
-28.976421
-21.61694
-21.72166
-19.719257
-21.912697
-22.738962
-22.978832
-23.485317
-22.996778
-22.792051
-21.81486
-21.83749
-22.61053
-22.831535
-24.849266
Done. Our total time was: 34243ms
Samples per timestep8
ave frequency = 7.88482317553953
Target frequency = 7.8125
alpha filter = 0.7
Kp = 0.01
Ki = 0.025
Kd = 0
--------
-21.228592
3.6327639
3.57409
3.8456888
-0.21766376
-22.020004
-30.27616
-30.021017
-26.788351
-20.880495
-23.777332
-24.678762
-25.238476
-27.986279
-25.518118
-27.554949
-27.206102
-25.22484
-26.63145
-25.368336
-28.408585
-25.464031
-26.129377
-23.787634
-29.376778
-26.34042
-27.835712
-25.367367
-27.758102
-26.522104
-24.344807
-26.263052
-25.34533
-26.548302
-25.121923
-27.898634
-24.09322
-25.794128
-28.687202
-30.259323
-23.951818
-24.138323
-19.516125
-20.05204
-20.727516
-23.111364
-23.774548
-22.555466
-23.083975
-21.091888
-22.758375
-23.189827
-22.71148
-24.30379
-23.282717
-23.448462
-22.183252
-21.899208
-23.083221
-24.662544
-25.061052
-20.607779
-21.0763
-20.925726
-22.85403
-24.84275
-23.390142
-22.380903
-22.06968
-24.027147
-24.465103
-22.755974
-25.18173
-28.130398
-26.081173
-26.623484
-26.194271
-27.876774
-28.113985
-24.312504
-26.144388
-28.613583
-28.038082
-27.144823
-25.058975
-28.502382
-26.932663
-27.727596
-24.848095
-28.087723
-26.764729
-28.442411
-26.390167
-27.59269
-27.94871
-25.745943
-26.017538
-26.00492
-27.977924
-25.153378
-27.70672
-24.093756
-26.270014
-27.540428
-28.246643
-27.13427
-25.062325
-19.853214
-19.20315
-19.44475
-22.394049
-24.096481
-24.230692
-22.77258
-22.727568
-22.233757
-23.748
-21.67882
-24.131538
-22.434708
-23.24683
-23.462885
-22.505787
-23.65719
-23.821163
-25.139769
-21.549887
-21.423397
-21.037237
-22.056416
-22.655802
-23.521572
-23.539904
-24.505306
-24.336864
-24.459715
-22.341108
-22.33442
-29.656797
-25.32894
-27.881784
-27.20259
-25.690538
-26.585222
-27.249449
-28.450739
-26.702553
-25.356218
-27.936838
-26.172749
-29.009869
-27.15567
-28.188467
-24.887548
-27.978292
-26.623705
-29.02456
-25.682898
-26.999998
-28.167322
-27.72326
-25.326237
-24.731497
-26.018568
-25.743738
-27.265665
-26.132559
-28.015947
-27.089108
-29.05272
-27.42279
-22.497322
-21.72556
-20.626568
-20.225403
-24.254028
-21.801546
-22.216295
-20.434687
-23.791395
-24.053663
-23.001253
-22.164164
-24.794847
-22.52969
-21.09957
-23.074207
-23.564037
-24.44616
-24.389198
-23.959166
-20.83997
-22.049877
-20.75289
-22.446198
-22.452179
-26.081755
-24.92308
-23.285025
-20.708973
-23.213001
-23.874962
-23.88138
-30.371733
-25.423096
-26.103228
-27.369144
-25.618135
-27.855312
-26.80885
-26.971226
-28.509575
-25.437372
-27.556934
-25.961672
-30.114058
-27.385742
-26.514656
-24.773716
-26.520773
-26.92095
-30.5554
-25.552038
-28.254005
-27.934517
-26.957588
-23.60456
-26.477608
-25.575539
-26.675592
-26.593678
-27.415865
-30.201328
-26.92442
-26.384506
-26.997965
-21.652388
-21.534698
-20.960852
-20.751036
-23.205374
-23.485682
-23.205215
-21.626749
-23.653997
-21.749737
-23.271355
-21.593287
-23.359806
Done. Our total time was: 31634ms
Samples per timestep8
ave frequency = 7.87127773914143
Target frequency = 7.8125
alpha filter = 0.7
Kp = 0.02
Ki = 0.025
Kd = 0
--------
-20.588913
3.8713999
3.63729
2.2139559
-8.555536
-16.723074
-20.66196
-19.23544
-20.379416
-20.869368
-21.665207
-27.00826
-22.22846
-22.801556
-27.577911
-25.263258
-27.497303
-25.988718
-24.44675
-27.399458
-25.48113
-27.618763
-27.321514
-25.879707
-26.999374
-28.005543
-28.199364
-25.960903
-26.353384
-25.130693
-26.994062
-29.686342
-29.439528
-26.095507
-22.076384
-26.972109
-26.97053
-27.760603
-26.352789
-27.084383
-25.868912
-24.716173
-30.373701
-30.805601
-20.598858
-22.109617
-20.954674
-21.972637
-22.748722
-23.327654
-23.257172
-21.725246
-21.901995
-22.420654
-23.446531
-24.255974
-22.386684
-23.166027
-23.138796
-23.747707
-23.456333
-21.645473
-23.376791
-23.70576
-23.11461
-21.078007
-22.040134
-23.914175
-23.669853
-23.431316
-20.602873
-21.745886
-24.340105
-24.888199
-23.468039
-22.499504
-27.761364
-26.304651
-25.218678
-28.600134
-26.903772
-25.993732
-28.023428
-26.135004
-27.768492
-26.727774
-26.578089
-27.634478
-26.392473
-27.865908
-25.333418
-27.261372
-28.363201
-30.115229
-24.863384
-25.497456
-26.031435
-29.682907
-30.132198
-25.142117
-24.83194
-24.247604
-26.713427
-26.37722
-29.890131
-26.3415
-25.78654
-29.364452
-29.71556
-22.813856
-23.021027
-20.007298
-20.503551
-22.143536
-23.63981
-23.882086
-21.486132
-22.361217
-22.347303
-23.462053
-22.921799
-22.944122
-23.843447
-21.821497
-23.5024
-23.420086
-23.002625
-24.598682
-24.17899
-23.303629
-19.71255
-21.774109
-22.699402
-22.60194
-22.862797
-23.74087
-22.9903
-23.360907
-23.29069
-24.709381
-23.732883
-25.638613
-27.182974
-25.26513
-26.814701
-25.94999
-26.264833
-28.79939
-26.200829
-27.614643
-27.715586
-27.148232
-26.48982
-26.681559
Done. Our total time was: 19560ms
Samples per timestep8
ave frequency = 7.87321063394683
Target frequency = 7.8125
alpha filter = 0.7
Kp = 0.04
Ki = 0.025
Kd = 0
--------
0.41028595
3.3469667
1.5341434
-13.415964
-31.446928
-36.86841
-30.954393
-23.520447
-20.045252
-20.423172
-20.402773
-19.498201
-21.21336
-23.298773
-26.879593
-23.14837
-22.838959
-21.97619
-22.48336
-20.804956
-23.081713
-23.290377
-27.625126
-30.96772
-26.348719
-24.597479
-26.944773
-25.35561
-26.025333
-26.267967
-25.307146
-28.386848
-26.031378
-27.19522
-27.043005
-25.822968
-27.663063
-26.011913
-29.39526
-26.839016
-26.624052
-25.113676
-26.744135
-28.83911
-28.990238
-26.101337
-22.551722
-26.450714
-24.213865
-27.220804
-24.763945
-28.42565
-27.810814
-25.771446
-28.675983
-30.03044
-20.291386
-21.878235
-20.19963
-20.481546
-21.382332
-22.20441
-23.39737
-21.615671
-24.35581
-22.610338
-23.41597
-22.478474
-22.670578
-23.060022
-22.464785
-23.75377
-22.851385
-22.993443
-24.958845
-23.173157
-21.395887
-21.016165
-21.48377
-23.067688
-23.418972
-24.64348
-21.591187
-24.016447
-22.467524
-23.969187
-24.1563
-24.63924
-28.862452
-24.73994
-23.191727
-27.36251
-27.892948
-28.318668
-27.42635
-25.111128
-25.72539
-26.095057
-27.13985
-27.793093
-26.383192
-27.706432
-26.13076
-27.784933
-25.071356
-29.4129
-26.487032
-28.032568
-26.167
-27.624458
-28.16316
-23.3306
-26.244534
-23.74305
-26.747269
-26.003098
-30.351074
-27.160536
-26.018835
-26.767002
-28.223461
-21.68919
-24.179405
-20.63705
-20.654644
-21.150955
-21.80971
-22.830273
-22.255207
-23.821426
-22.667988
-22.797495
-24.373419
-22.207846
-22.726854
-22.232805
-24.37559
-22.937723
-22.334803
-24.079514
-24.081188
-23.626467
-21.882324
-20.537212
-20.422487
-22.505308
-24.731285
-23.421638
-23.512861
-23.481457
-25.033037
-22.364305
-22.108889
-25.727362
-27.912344
-26.548792
-28.095568
-26.879925
-26.58305
-27.766356
-26.219324
-27.229074
-25.441956
-26.393995
-28.469028
-25.874477
-27.984402
-26.435186
-27.70655
-25.05134
-29.938606
-25.97752
-28.065817
-25.058752
-28.067307
-28.706024
-25.959074
-24.31963
-24.65971
-26.771591
-25.344534
-28.915205
-26.566128
-28.610239
-27.45832
-27.873213
-23.061
-22.614494
-21.409845
-21.179798
-20.99707
-22.879091
-24.250519
-22.990284
-20.990122
-22.363293
-23.16293
-27.214577
-22.175728
-20.272865
-18.75994
Done. Our total time was: 25526ms
Samples per timestep8
ave frequency = 7.87432421844394
Target frequency = 7.8125
alpha filter = 0.7
Kp = 0.01
Ki = 0.025
Kd = 0
--------
