0.37498856
0.4803486
0.52136993
1.2292175
0.88549995
1.3638
0.9052963
0.3599453
0.370512
0.37979698
2.1032505
0.04733277
1.1067924
0.25163078
-3.7504196
-6.6855297
-6.0486374
-4.5748596
-8.5754795
-8.566212
-18.64417
-8.604248
-8.188425
-10.167412
-16.540922
-12.288834
-11.976927
-10.013229
-15.01379
-15.336166
-12.660774
-10.523832
-10.613157
-15.072935
-15.0321045
-16.510023
-14.521706
-15.446856
-14.5752945
-18.621033
-13.122877
-14.857346
-12.124474
-15.369183
-23.216324
-22.140024
-16.525688
-20.409296
-12.05323
-26.616833
-14.782812
-15.784754
-11.126654
-25.445925
-18.892542
-22.581936
-24.488018
-15.357317
-7.4149227
-12.339701
-13.063286
-12.493637
-12.427652
-10.462498
-11.1887
-13.509802
-10.34375
-11.099867
-10.507265
-12.350922
-11.101812
-10.827604
-7.783695
-9.664917
-8.412979
-10.482101
-7.2141876
-7.1347847
-6.650511
-9.689903
-9.553398
-10.882351
-5.9360123
-8.922201
-6.28364
-9.939035
-8.190817
-6.9215183
-7.3738403
-5.471304
-7.5027065
-7.595299
-8.493694
-9.415754
-5.2357903
-7.065815
-5.5096874
-5.5652733
-9.38327
-6.5224133
-6.4229317
-7.9616375
-4.7580833
-6.2115173
-8.934387
-5.929737
-9.033712
-9.435759
-6.8554535
-7.180519
-9.378956
-5.316492
-6.8597775
-6.6039085
-6.4719086
-7.743292
-6.965576
-6.417816
-6.565483
-6.3223133
-4.7858887
-8.623049
-6.0615997
-5.7262363
-4.369808
-7.903467
-5.7410965
-7.5624237
-5.6737823
-5.395029
-6.304016
-7.0122986
-6.546604
-5.32325
-4.6311626
-3.6016655
-8.47698
-6.569872
-9.218821
-7.2053757
-7.085972
-7.7741547
-3.3383846
-5.145708
-6.259531
-16.292917
-25.167744
-19.212357
-20.407587
-9.535601
-6.3912106
-7.77264
-8.353151
-12.101908
-24.039776
-19.698145
-23.208887
-21.885382
-15.750914
-17.927935
-19.874094
-12.040478
-17.569416
-12.176373
-10.624109
-21.364851
-22.825241
-31.871315
-30.090885
-15.938835
-20.756138
-11.622528
-11.821384
-21.401884
-18.403866
-22.079266
-21.246231
-23.488117
-26.112192
-25.926575
-29.197542
-20.024267
-17.105312
-14.887764
-21.043007
-25.97401
-25.351776
-27.276533
-23.177105
-27.155367
-24.902252
-29.203821
-19.361986
-17.201963
-18.556908
-24.373322
-25.425116
-22.83933
-22.100054
-23.859478
-29.772018
-23.345789
-24.07025
-19.03839
-20.041147
-23.833166
-19.589462
-13.8701515
-11.518957
-24.118692
-21.803896
-29.121405
-27.200912
-23.874454
-22.70664
-24.455008
-20.440046
-19.671446
-15.347033
-21.626957
-18.08149
-29.750116
-19.515238
-24.988462
-24.04289
-31.947014
-15.601984
-16.528095
-21.591566
-25.608265
-19.659441
-28.720627
-27.63303
-13.294895
-11.075485
-14.474476
-15.565174
-15.206142
-15.920813
-14.065947
-14.219244
-15.779276
-12.340706
-12.197187
-11.951899
-14.62557
-12.964279
-12.868498
-9.979639
-10.829168
-12.616795
-10.4373665
-9.059462
-8.509842
-8.856102
-10.397701
-10.1122875
-11.220089
-6.3627205
-9.929609
-6.806881
-9.820131
-9.545948
-8.360941
-8.871115
-6.672394
-9.384321
-8.818298
-9.769278
-9.655357
-6.791977
-8.588318
-6.200817
-7.974453
-9.297747
-7.026844
-6.902178
-8.41135
-4.586426
-5.772976
-9.763191
-6.7207355
-9.927063
-9.477264
-7.3874702
-8.737507
-10.261459
-6.1489277
-7.4693317
-6.5351086
-7.6091537
-8.484327
-7.552744
-6.6322155
-7.950556
-7.0659027
-7.0749855
-8.455029
-5.588583
-4.5593967
-5.0373287
-8.391207
-6.429476
-7.9917316
-5.627905
-6.833729
-6.7440968
-7.5954437
-6.4211597
-6.111389
-4.4486656
-6.372675
-8.165827
-6.7820396
-10.687132
-5.7827835
-6.9090405
-6.2017536
-3.1479702
-5.153034
-6.9974422
-21.2723
-18.104391
-22.057018
-19.767473
-6.743437
-8.0901165
-7.2547703
-7.7780533
-13.124531
-22.119497
-20.059002
-24.134102
-24.450603
-18.381998
-23.816177
-15.741089
-12.163769
-12.023975
-6.2341957
-8.841974
-23.743021
-19.838684
-34.39195
-34.075966
-23.84602
-24.147333
-16.384064
-12.029995
-19.725456
-10.664328
-16.905659
-16.173372
-21.841736
-27.186478
-31.832565
-32.92454
-26.107363
-22.475758
-16.314379
-20.464588
-16.787832
-16.79327
-16.748999
-20.159744
-28.070784
-29.271765
-33.79213
-25.51649
-26.396687
-23.248438
-24.1596
-23.058094
-17.510756
-19.556746
-26.022175
-29.56454
-21.902435
-25.276106
-13.386797
-27.532108
-19.86066
-20.571245
-10.772718
-14.597218
-21.962194
-27.30245
-29.532824
-27.08646
-25.417284
-23.7549
-26.22335
-17.970102
-17.216103
-12.6265545
-23.39092
-28.140657
-22.018303
-23.378178
-23.243546
-21.561657
-23.258371
-16.959324
-20.566866
-27.794458
-28.21059
-29.18018
-29.278004
-21.225475
-7.379442
-10.9970875
-13.838911
-14.424896
-15.080843
-14.155079
-14.627192
-16.151796
-14.193802
-13.046162
-10.591175
-14.554649
-11.890501
-13.511297
-9.100721
-12.84968
-9.898756
-13.117815
-8.509743
-9.703747
-8.126669
-12.577095
-8.428274
-12.416225
-7.3657093
-9.347416
-7.562971
-8.607338
-9.834721
-7.9097652
-8.353216
-7.1611176
-8.135134
-9.269928
-8.946156
-11.079731
-6.8275948
-7.8388996
-6.851343
-6.0621777
-10.147423
-7.2317677
-7.253376
-8.692867
-5.0292053
-6.6186657
-9.516996
-6.387663
-9.238878
-10.171852
-7.528099
-7.9440823
-9.525665
-6.661989
-7.134287
-7.7423134
-6.5428104
-6.762827
-7.112608
-6.15065
-6.2771797
-7.71039
-7.163456
-9.114773
-6.0735893
-6.4098053
-5.764698
-8.901093
-6.668459
-8.666281
-4.8685417
-5.9036636
-6.204479
-5.499899
-6.486988
-6.08988
-5.976156
-5.1266556
-7.924202
-7.3243446
-9.898397
-7.798111
-7.7627907
-6.6167927
-3.23987
-5.353279
-5.3792686
-19.971462
-21.405512
-20.393503
-19.58383
-7.5223827
-6.9960556
-8.382534
-8.1574135
-14.505177
-24.029413
-21.43812
-22.53793
-23.05621
-12.9990425
-22.742458
-18.259941
-13.573891
-18.108698
-11.194521
-9.763218
-21.831905
-21.766333
-30.006897
-29.89627
-22.865381
-21.291613
-14.099701
-10.845995
-19.590061
-15.917196
-19.572178
-21.52643
-24.601181
-27.327114
-30.154203
-29.921185
-22.908236
-19.55228
-13.236008
-18.984713
-20.847971
-22.917604
-23.865145
-21.942541
-27.49615
-28.270847
-29.508823
-21.810974
-21.860123
-18.894567
-26.298964
-24.096447
-20.843565
-18.52894
-22.43565
-28.014246
-19.739277
-24.561783
-22.953846
-27.384092
-24.141972
-21.58676
-6.9744415
-13.994335
-19.461624
-22.227442
-29.320488
-26.435957
-27.10414
-27.011608
-26.409727
-21.215147
-16.491549
-12.548334
-19.520697
-24.473429
-22.052181
-22.624807
-24.95324
-27.13812
-24.913532
-17.34459
-15.210613
-24.327568
-24.62122
-21.597214
-28.358011
-24.27891
-10.204226
-14.123814
-14.743523
-15.69795
-15.753191
-14.039228
-14.509954
-15.31805
-14.130545
-12.949764
-11.223158
-14.377504
-12.894665
-14.705275
-8.691931
-12.1916275
-10.193237
-12.940025
-9.230764
-10.033749
-7.739668
-10.677118
-9.630186
-11.890657
-9.452461
-8.752096
-9.212612
-8.755995
-10.650211
-8.252838
-8.413979
-6.5423794
-6.9318867
-9.3876095
-9.034832
-10.534445
-7.469515
-7.9448586
-8.21924
-5.6119747
-9.748426
-7.660244
-6.4817753
-8.798033
-5.8058853
-4.2835026
-8.734173
-7.543312
-8.518208
-10.774092
-8.981438
-7.2568893
-10.467546
-7.249277
-7.555458
-8.093626
-6.8149757
-7.7373676
Done. Our total time was: 30384ms
ave frequency = 21.129541864139
Target frequency = 20.8333333333333
alpha filter = 0.2
Kp = 0.06
Ki = 0.002
Kd = 0.001
--------
-6.0644226
0.94704056
1.5548592
1.4801445
1.1740589
1.3563118
1.6586151
1.1362953
1.7200146
1.2378445
1.1704865
1.1046143
1.4084263
0.63788986
1.5796871
0.22380066
0.16317177
1.3062382
0.31921005
-4.0907784
-0.30169678
-14.644026
-9.530214
-3.1856384
-2.5204735
1.2621155
-1.5519333
-8.884016
-7.843647
-13.647169
-9.77165
-8.035683
-8.551544
-8.265526
-13.921696
-6.335579
-7.3090305
-7.4510403
-13.045212
-21.030743
-19.738407
-18.50692
-8.487347
-8.674751
-5.7408867
-7.964628
-7.1345425
-15.91325
-24.801893
-30.894169
-28.056528
-17.668013
-4.8351994
-3.7230797
-6.064678
-10.357903
-19.446117
-23.503141
-31.719757
-29.767046
-18.804075
-11.319626
-4.1739426
-6.310419
-10.935385
-20.25585
-16.707546
-27.059587
-27.125082
-29.01298
-19.249588
-12.534779
-6.562031
-9.654959
-11.47723
-18.427813
-19.935171
-25.40719
-29.59353
-24.177298
-10.629326
-13.428358
-12.056034
-18.288898
-17.92308
-26.109219
-25.8965
-12.204161
-11.86904
-12.791908
-14.752113
-15.265593
-13.968567
-14.027147
-15.588856
-14.0874195
-12.917206
-11.079157
-12.614311
-13.505766
-14.943611
-9.81772
-12.142681
-10.412106
-14.353231
-11.570511
-11.3541565
-8.29871
-11.228361
-11.047562
-13.1234
-9.765102
-9.859732
-10.719116
-8.870922
-13.100197
-9.745405
-9.415295
-7.4669647
-8.024452
-10.115942
-9.995003
-13.236689
-9.778528
-8.845806
-8.521484
-6.0196304
-10.174868
-9.159643
-7.8590927
-10.139204
-7.8537025
-6.2891006
-10.667971
-10.398834
-9.520763
-12.250446
-10.06208
-7.9552975
-9.30755
-7.177189
-6.295862
-8.596329
-7.6808643
-8.071896
-9.695053
-9.640978
-8.777201
-9.184423
-7.780134
-9.692377
-9.118042
-6.531706
-5.459387
-6.636492
-9.60503
-7.8100815
-10.527857
-4.837677
-9.643631
-7.725977
-8.279453
-6.986759
-7.38673
-4.225771
-6.8537655
-8.676319
-8.404737
-10.254879
-5.9485416
-9.716051
-5.6131153
-4.990347
-6.4383316
-7.752451
-24.62949
-28.362686
-25.485058
-15.77479
-0.4310512
-0.3596077
-0.11698722
-3.342266
-21.681149
-30.247425
-32.4751
-27.48314
-14.966862
-3.1179485
-0.01081276
1.1624985
-1.7854214
-14.602503
-24.40914
-36.893913
-39.386597
-27.40163
-18.95759
-2.7756004
0.0884552
0.2893238
-1.710474
-18.7012
-37.733585
-39.28899
-36.74361
-24.544239
-7.3322067
1.4661827
-0.5129566
-4.4004116
-15.447649
-32.096638
-38.890312
-42.172157
-29.214848
-13.85672
-1.1955357
-0.5995712
-5.8145237
-22.723171
-33.173454
-34.56861
-34.302494
-27.384932
-21.348372
-8.724453
-1.7242279
-2.6945744
-12.759077
-29.866951
-33.08722
-37.731133
-31.290594
-27.18442
-9.435894
-7.4444046
-3.9931564
-7.1829414
-21.33896
-31.46683
-38.83571
-31.45619
-31.405342
-16.67538
-9.407484
-7.9679317
-8.708893
-11.799347
-28.496227
-34.906143
-33.83695
-28.368317
-22.718643
-17.81214
-11.327042
-10.733143
-12.58115
-20.33658
-27.495089
-29.31183
-33.632973
-24.523346
-9.842062
-9.163845
-10.423042
-12.312847
-16.2248
-17.55849
-18.946693
-21.11857
-17.098337
-15.624186
-10.997124
-15.158815
-12.830235
-14.247288
-11.545094
-14.822443
-13.260164
-16.224585
-12.524481
-12.975386
-10.472275
-14.115587
-11.639853
-14.514153
-10.130531
-10.38007
-10.518917
-9.854198
-14.0441475
-11.34831
-11.611864
-10.08149
-9.548933
-11.841776
-11.229511
-13.550802
-9.340517
-9.851868
-9.560455
-7.323288
-12.661976
-10.461361
-9.886747
-11.571377
-8.224375
-7.0644093
-10.2373905
-8.240763
-10.432938
-12.68248
-11.104916
-10.102312
-12.072399
-7.9337177
-7.5251904
-8.1625
-8.366364
-9.361202
-10.880514
-9.995075
-10.018669
-10.139593
-7.7001915
-10.147636
-7.6159973
-8.292986
-6.529257
-10.432331
-7.798012
-10.049301
-7.660595
-6.4772854
-8.980213
-8.059538
-10.073153
-8.896658
-9.203651
-7.359112
-10.568827
-8.390947
-10.15752
-9.403534
-6.745775
-8.658255
-4.400051
-6.131462
-7.438881
-14.480896
-30.354252
-24.423407
-24.358353
-4.6571426
0.25341797
-0.081336975
-1.9400959
-16.273762
-28.931839
-31.751022
-27.530006
-18.525715
-3.0216236
-0.65590096
1.1356449
-3.0623665
-14.513966
-27.821737
-32.027504
-35.570297
-25.732357
-10.649559
-4.035513
-0.7129345
-1.1143818
-10.142366
-22.181269
-39.302975
-40.017784
-31.476955
-22.23885
-6.8281765
-4.6868324
-6.1937904
-16.606907
-23.918758
-27.538755
-35.230583
-28.094456
-28.241995
-16.617922
-10.700939
-6.543625
-8.843151
-19.464682
-28.31734
-35.01583
-29.310503
-28.91941
-20.86102
-19.199472
-9.868921
-10.14452
-15.333162
-23.832296
-30.800486
-28.405584
-29.913916
-23.3706
-23.024796
-13.451277
-10.219257
-10.463303
-13.157438
-24.842213
-29.93351
-30.58801
-26.308794
-19.77685
-14.00453
-11.671778
-11.587654
-11.807093
-20.068167
-28.362337
-33.197845
-23.543428
-21.306551
-12.133535
-11.368784
-10.369019
-12.293079
-22.09027
-31.984905
-28.326704
-30.215923
-27.122864
-10.623816
-1.2785091
-5.320347
-9.717571
-17.091343
-21.676464
-20.78568
-21.111204
-20.886078
-13.562031
-12.3623295
-8.111885
-12.881258
-12.438377
-16.385876
-14.61533
-16.704134
-13.334669
-14.808704
-10.1297245
-11.271019
-7.951992
-13.339018
-11.988506
-15.81181
-10.472221
-13.180906
-9.943277
-10.492283
-12.052977
-9.763737
-10.848375
-9.114317
-10.5605545
-12.188564
-12.430431
-14.7082405
-9.484188
-9.837561
-8.4828415
-7.074499
-12.570915
-10.868046
-10.584953
-12.330906
-9.269588
-7.6898518
-11.388258
-9.23415
-10.084143
-12.3691635
-10.200182
-10.1057415
-12.182468
-10.357254
-9.583061
-9.532589
-9.149553
-10.956501
-11.651846
-10.243656
-10.636959
-10.691103
-10.500275
-12.849087
-10.053547
-8.953754
-9.492443
-10.771421
-11.185457
-11.318428
-10.954969
-10.28388
-10.628212
-10.9199505
-11.56502
-11.942144
-10.978363
-10.340403
-12.179852
-9.718445
-11.6981735
-10.457455
-9.718559
-11.680401
-8.851158
-10.47105
-11.907566
-15.606268
-26.940205
-21.250326
-19.791952
-11.677742
-5.861334
-6.0302734
-7.4335976
-18.152618
-24.02029
-23.455053
-22.316715
-19.65915
-7.835907
-7.9607773
-8.574688
-9.272419
-19.420109
-21.416317
-24.27941
-27.238533
-23.716658
-21.609203
-13.427193
-7.2390327
-6.7322254
-7.281311
-12.590776
-28.808105
-30.724697
-30.070993
-23.991644
-12.482983
-8.6186695
-7.5113735
-12.961874
-18.624397
-25.256378
-30.200382
-31.636524
-27.66819
-12.832775
-6.8238487
-1.4536343
-10.961868
-19.740294
-30.033413
-29.537474
-28.884119
-23.011782
-19.950237
-9.954891
-2.6310444
-5.224804
-13.6525
-30.707737
-30.694567
-34.640182
-27.069176
-25.493685
-14.670536
-8.8172455
-5.1732864
-8.25494
-19.972027
-27.506802
-33.56456
-27.51733
-26.901728
-13.313732
-12.245993
-11.087809
-12.407541
-15.407007
-28.290503
-33.087395
-31.642338
-19.487293
-19.309376
Done. Our total time was: 28510ms
ave frequency = 21.220624342336
Target frequency = 20.8333333333333
alpha filter = 0.2
Kp = 0.12
Ki = 0.002
Kd = 0.001
--------
-12.6855545
0.6497288
1.031702
1.4235916
0.3310089
1.0156174
-5.24028
-6.07683
-15.926073
-14.394793
-9.983744
-5.356228
3.2053547
4.522938
-1.722702
-4.3061466
-8.658123
-15.99728
-15.535755
-12.081308
-4.112379
0.4203205
0.69685745
0.7124138
-2.390068
-6.4417896
-12.931671
-17.446173
-13.8959675
-9.301332
-2.0251522
1.0541725
0.6022377
-0.7659149
-4.904894
-10.928938
-15.51717
-13.428049
-11.415836
-3.410534
0.22730064
0.36963654
-0.304224
-3.6788254
-9.9381695
-13.685759
-20.010616
-28.016563
-15.462391
-1.5174599
-0.011617655
-0.6071243
-0.47470474
-2.339758
-20.388285
-31.443876
-34.14752
-18.184616
0.85186005
-0.25395393
-0.8230343
-0.45407677
-4.8018036
-13.697657
-31.821562
-29.673868
-22.632545
-8.118742
-0.032499313
-0.7117634
0.2072506
-2.0569534
-19.624329
-34.92121
-42.650784
-33.808174
-4.544201
0.91077805
-0.5705471
-0.5867653
-9.071224
-26.118525
-38.383556
-34.36143
-16.494152
0.8830452
0.0134697
-0.6818905
-0.58205986
-11.900972
-31.120575
-44.641552
-40.64609
-1.1173763
-4.902815
-1.5357704
-5.4621162
-8.90016
-7.6641254
-5.799179
-5.324766
-6.968397
-5.704668
-4.5297184
-2.1391315
-5.1665306
-6.24247
-7.4267387
-4.066885
-5.6426926
-5.207529
-7.018181
-5.306532
-4.136507
-2.3934402
-5.0247765
-5.952038
-7.342808
-5.0016003
-2.7109127
-4.8833523
-1.552721
-8.385155
-4.551729
-5.8397903
-4.0684795
-3.7939548
-6.569216
-5.643137
-7.8302994
-4.8295975
-3.9867992
-5.575121
-0.62952805
-7.61742
-6.261799
-4.9123898
-6.2222137
-4.953495
-0.53743935
-5.767227
-6.754938
-6.2104435
-9.936693
-7.4078426
-6.103636
-7.4029408
-6.0863934
-5.918335
-7.339243
-4.5207157
-6.8781033
-7.5629406
-7.0462
-6.2496185
-6.920223
-5.611391
-6.3856754
-7.7833195
-5.029251
-5.8198013
-5.0710773
-7.9577217
-5.9673977
-8.942755
-4.8188267
-6.1431866
-5.9981995
-6.547472
-6.242962
-5.544359
-5.143509
-7.320532
-9.121269
-6.394596
-10.4424
-5.423767
-8.473904
-7.4256096
-4.714182
-8.112701
-6.4591427
-17.493933
-18.01956
-18.332
-14.259676
-6.9912586
-8.95158
-9.796907
-17.895552
-23.464972
-23.847578
-16.599342
-11.890526
-8.569912
-9.570295
-19.921268
-23.892458
-25.160503
-24.441826
-13.495934
-10.38529
-17.968794
-14.656061
-27.808075
-24.40362
-18.097933
-17.575197
-11.34523
-21.87161
-26.204973
-23.412859
-26.135035
-14.814665
-19.822302
-22.334583
-28.070707
-26.009178
-20.221434
-19.693308
-14.944132
-25.78143
-24.943178
-24.576603
-19.656979
-15.055765
-25.425537
-24.493855
-32.227055
-23.246954
-25.101498
-21.348135
-29.356613
-22.58969
-19.364267
-16.815125
-24.254414
-27.293041
-20.414091
-24.714771
-14.663559
-26.348616
-20.029665
-17.759378
-16.738546
-15.3056965
-24.955097
-26.55863
-30.281084
-15.894709
-19.13873
-15.310745
-24.07983
-19.509817
-20.388737
-17.03498
-27.477444
-29.045748
-27.224773
-20.501488
-17.690395
-21.88662
-14.415607
-17.688372
-16.88611
-28.456558
-30.882153
-28.256819
-27.227266
-18.94775
-5.724041
-8.969322
-12.996035
-17.817774
-17.698765
-15.164017
-15.113392
-14.942165
-14.474508
-12.653189
-9.862396
-13.803568
-11.63237
-14.89958
-7.944607
-11.349762
-8.512978
-12.5935135
-9.393738
-9.730396
-6.6006413
-9.769283
-7.979479
-12.037016
-8.727037
-8.311874
-8.165161
-6.331156
-9.890036
-7.106138
-7.8136787
-6.1581974
-5.6642075
-11.276583
-10.449745
-14.364891
-9.560568
-10.292738
-10.796007
-8.372309
-12.56917
-11.368935
-9.432293
-10.793837
-8.705093
-6.6107903
-10.333124
-9.576725
-8.971132
-11.440025
-10.175098
-10.223282
-12.120663
-11.71138
-11.423754
-8.963099
-8.150021
-8.0028
-9.092785
-7.973173
-7.9063587
-8.437351
-6.2034626
-8.84848
-7.0051003
-6.027897
-5.133333
-6.142561
-6.1271725
-6.581772
-6.6699047
-3.9970436
-5.6892967
-5.4978676
-7.0951195
-3.645832
-4.502699
-2.696104
-5.853565
-6.1359634
-6.3921204
-7.0627613
-1.3721695
-6.012764
-2.2710972
-2.3471756
-1.0726757
-0.63390356
-23.613867
-17.686554
-22.129103
-6.268097
0.7470169
-1.2102013
-7.0872707
-19.77679
-30.22931
-28.782595
-16.536531
-10.576942
-3.5657482
-5.107481
-20.53458
-18.281466
-27.76116
-22.540241
-11.406088
-12.282087
-13.774048
-17.214289
-29.907763
-26.600758
-21.934555
-21.914898
-14.247641
-20.691906
-23.866793
-21.050571
-21.195768
-11.224989
-20.270172
-22.429474
-29.221006
-28.424097
-20.20434
-19.538853
-14.404758
-23.814701
-24.790205
-27.062088
-19.261234
-22.416945
-24.523058
-26.26255
-30.218506
-18.784325
-24.405554
-22.335503
-29.054518
-23.522879
-20.741377
-18.85326
-26.533073
-29.230185
-23.805737
-20.364958
-14.002449
-29.792143
-23.249424
-27.488108
-18.040432
-19.109009
-22.523293
-26.448828
-22.848776
-18.94985
-20.147337
-19.453266
-25.54948
-23.832962
-20.267467
-17.892406
-23.03592
-25.135641
-21.252857
-18.873789
-16.880793
-26.598795
-20.409634
-22.46795
-22.15603
-26.177216
-23.513216
-22.891907
-23.520533
-17.515978
-5.566944
-11.611221
-15.164381
-19.827019
-19.18967
-15.316189
-15.05278
-15.440292
-13.161924
-13.750437
-10.521412
-15.7866535
-12.684282
-16.527946
-10.208815
-12.690378
-11.02816
-14.02968
-10.1843815
-10.847416
-8.305862
-11.525564
-10.421461
-13.94916
-8.787878
-10.198645
-9.249376
-10.098961
-13.541496
-9.274895
-10.06584
-7.517128
-8.509346
-10.245838
-10.426359
-12.879456
-8.252386
-9.102974
-8.372246
-7.6767864
-12.351137
-10.405415
-8.858934
-10.07477
-7.408823
-7.006134
-11.746017
-9.344568
-11.78825
-12.627138
-10.151112
-9.895697
-11.127575
-9.878685
-8.618324
-8.710749
-7.8630447
-8.3235035
-8.779215
-7.7783165
-7.0108013
-7.7331486
-4.690325
-8.473135
-6.382868
-5.879467
-4.4394703
-5.7114964
-5.2021084
-6.7605247
-4.911871
-3.2813988
-4.1312428
-6.0198727
-7.8902683
-3.9105434
-4.599825
-2.0877724
-7.0786953
-4.555397
-8.438721
-4.268076
-1.7568703
-5.274597
-2.2256985
-3.3212433
-2.5678902
-11.957224
-24.81154
-18.286465
-13.821056
-2.3490047
0.2942905
-6.8506336
-13.802464
-24.883724
-31.587248
-22.077904
-13.293001
-3.8351288
-2.3519993
-8.280764
-23.672247
-26.26147
-29.477957
-24.283014
-10.240219
-16.005417
-11.1356945
-20.977896
-28.550816
-23.062286
-24.232004
-22.994442
-19.777157
-25.202387
-23.307028
-22.529598
-20.695047
-14.524488
-25.291847
-26.477545
-33.088432
-27.394161
-22.554049
-19.209778
-19.353474
-26.52746
-23.189745
-26.184578
-20.766956
-24.521788
-24.978975
-27.210304
-24.507025
-19.934973
-22.695301
-22.189505
-28.853334
-21.104746
-20.047718
-19.90531
-27.217133
-26.49689
-24.721615
-23.118336
-24.712631
-27.760517
-19.095358
-19.290659
-10.670282
-21.626703
-22.346579
-30.943697
-18.759485
-16.17357
-15.882753
-22.33964
-19.841892
-21.69151
-15.320072
-25.22823
Done. Our total time was: 24260ms
ave frequency = 21.2283594394064
Target frequency = 20.8333333333333
alpha filter = 0.2
Kp = 0.06
Ki = 0.002
Kd = 0
--------
-16.66156
1.6152477
0.6736965
1.3808899
0.3730278
1.5297966
2.5678577
4.2447796
-1.0505028
-0.22143938
-7.375784
-7.2669067
-10.320782
-5.1214542
0.7413101
0.5792084
2.2523232
-5.639614
-6.493496
-6.3935356
-6.7016697
-1.0944366
-0.49648282
-4.485815
-4.908205
-5.8925114
-7.8139896
-5.757267
-4.602356
-5.249874
-2.8730469
-5.310356
-6.6879654
-6.0983677
-6.491741
-6.9987583
-5.5892277
-4.485924
-4.65868
-4.7342243
-6.767536
-6.518997
-4.860714
-3.707327
-4.0664387
-5.749914
-4.4521103
-6.2511196
-2.581482
-4.4493294
-3.8923893
-4.176792
-3.2691307
-3.940611
-3.0087185
-5.338373
-5.772743
-5.2484055
-6.6823235
-1.433136
-6.2585354
-1.1102161
-2.575653
-2.515995
-5.0510845
-26.067091
-20.235794
-20.15246
-0.37517738
0.25928688
0.30259705
-0.71793747
-18.900684
-27.362886
-29.557669
-8.970303
0.31463623
0.3229637
-0.012216567
-13.877405
-25.188461
-35.154327
-24.50894
-4.7236423
1.7333832
0.51208305
-2.4754028
-30.069933
-32.072887
-35.369125
-23.521517
-0.76543427
0.7720833
-0.20560646
-10.445213
-28.204243
-34.347984
-40.17628
-30.50911
-15.224644
-2.8581276
-0.335474
-3.2582588
-14.995312
-33.99961
-40.142056
-34.22068
-19.812328
-6.8296204
-4.4892178
-2.1000252
-20.824661
-23.169302
-36.273445
-37.710056
-30.529598
-16.787735
-1.6850414
-1.1317711
-9.390303
-21.817234
-34.25379
-37.1242
-33.591427
-30.085428
-11.5998955
-7.5481377
-3.2056618
-7.499048
-24.93479
-32.585434
-39.579468
-26.794132
-21.263329
-9.992769
-11.563509
-10.938236
-11.645142
-25.051687
-33.192284
-36.51116
-27.265255
-12.965849
-7.715643
-7.330929
-10.427532
-18.292088
-31.182577
-37.409893
-37.60822
-23.574049
-18.650772
-6.1218357
-0.4237919
-10.385424
-20.272089
-24.438976
-24.977602
-19.491928
-16.149776
-14.160496
-11.048767
-11.501366
-10.641579
-16.67885
-16.714231
-20.385803
-14.665379
-15.058126
-10.549591
-11.834166
-8.586439
-11.145569
-10.264952
-15.270409
-15.490776
-17.728556
-11.633778
-11.483599
-9.660097
-10.21944
-13.124361
-9.824604
-12.185123
-8.756964
-11.354422
-12.060102
-12.358471
-14.009079
-8.887577
-9.847752
-9.079929
-9.003681
-13.249861
-10.659714
-10.109032
-11.254446
-8.192686
-6.94429
-10.160019
-8.31251
-11.04237
-12.65966
-10.260736
-9.522137
-10.663076
-8.982277
-9.029575
-8.939823
-7.747162
-8.748608
-10.648649
-10.290569
-9.624517
-9.45488
-7.731518
-9.793938
-8.315384
-7.3712273
-7.979843
-8.438585
-9.252064
-9.297047
-8.986883
-6.4149666
-8.152197
-7.7901974
-10.06609
-7.8626976
-8.969555
-5.4123726
-9.87141
-6.8817997
-8.736433
-8.798346
-5.321455
-9.985941
-4.7198067
-7.7281322
-8.379568
-13.333281
-28.607204
-17.803522
-18.11214
-2.1902885
0.04004479
-0.3264408
-2.8738594
-25.928768
-34.47707
-32.343315
-19.562675
-1.0161667
0.5382862
-0.44867897
-12.786249
-23.552279
-31.912148
-31.21705
-15.130182
-6.4525547
-1.265686
-4.826479
-19.677227
-25.126171
-34.068466
-30.888857
-21.123905
-12.239851
-1.2573662
-2.250471
-7.991976
-21.577393
-36.847473
-36.756466
-36.144054
-13.060783
0.7047901
Done. Our total time was: 13091ms
ave frequency = 21.2359636391414
Target frequency = 20.8333333333333
alpha filter = 0.2
Kp = 0.12
Ki = 0.002
Kd = 0
--------
