0.005622864
0.16711044
0.04538298
-0.21633244
-0.14641571
0.40992498
0.22182274
0.13197088
0.53456545
0.51901054
0.08312559
0.29701567
0.3395648
0.57667017
0.17542648
-0.005405903
0.5963969
0.3561244
0.004944797
-2.4226475
-3.1064582
-11.887434
-17.043884
-18.56078
-26.143639
-19.94423
-23.100073
-17.838203
-18.696125
-21.417374
-22.553434
-24.34364
-22.464115
-24.28081
-25.96595
-22.856598
-27.338993
-25.443235
-26.295702
-21.794472
-24.521729
-20.435667
-23.658821
-21.83978
-22.693937
-24.722387
-22.06654
-25.435564
-25.516743
-21.103798
-17.475197
-14.811256
-10.0534525
-10.370795
-7.803859
-6.730446
-5.883477
-6.4733763
-4.830299
-4.7772026
-4.2663636
-6.2245564
-5.111067
-5.239615
-5.06944
-4.503731
-6.805739
-7.103622
-8.430056
-4.6300564
-4.240852
-1.5789099
-2.1199741
-1.4924393
-4.208029
-1.930512
-3.5393395
-2.721506
-6.1758494
-5.0456257
-5.814937
-13.145068
-12.929448
-15.500566
-21.587296
-18.045097
-21.077099
-21.821815
-20.281769
-23.795044
-21.2686
-24.956472
-22.424109
-23.424791
-25.68825
-24.479029
-27.304268
-23.055044
-26.520695
-25.08376
-25.892183
-27.953114
-25.753916
-27.343143
-21.79951
-25.596542
-22.264368
-22.931192
-22.010702
-23.35373
-23.447851
-21.616583
-26.314255
-27.546513
-19.122215
-19.596058
-14.869699
-11.9684
-10.83533
-8.906528
-8.341908
-5.2825117
-7.446576
-5.026113
-6.23461
-4.364525
-6.260513
-5.024054
-5.278059
-6.3594565
-5.0386677
-6.6550803
-7.828448
-8.187291
-5.494766
-4.099411
-2.7278333
-3.6926875
-0.8969102
-3.082767
-2.5788822
-4.2213964
-2.741313
-6.1770124
-5.4071255
-6.628019
-13.602121
-13.135759
-12.532928
-18.773401
-17.498384
-19.102999
-23.089396
-21.094967
-24.168509
-22.693233
-24.346249
-24.393347
-23.03823
-25.526726
-22.434586
-27.83073
-23.236294
-25.760832
-23.128963
-26.46949
-25.354689
-26.830765
-26.617762
-23.193176
-25.175621
-23.077185
-24.322441
-20.349672
-25.420496
-22.114801
-22.612146
-26.776787
-28.121311
-17.294918
-20.42731
-16.053326
-13.040109
-12.068744
-8.333874
-9.329114
-6.513116
-7.054481
-5.1178603
-6.7023997
-4.8241544
-4.600389
-5.2042475
-4.734993
-6.727082
-5.0925665
-6.950681
-7.6529737
-7.41177
-5.477012
-4.189897
-2.9986014
-3.7050486
-1.5058608
-3.1111765
-2.3763318
-4.3163986
-2.6253352
-5.2832627
-5.782364
-5.9953146
-12.771284
-14.19222
-11.671234
-17.633152
-17.718788
-19.45853
Done. Our total time was: 27603ms
Samples per timestep16
ave frequency = 7.86146433358693
Target frequency = 7.8125
alpha filter = 0.7
Kp = 0.01
Ki = 0.005
Kd = 0
--------
-22.370726
3.3325496
4.0924344
3.5702395
2.9982224
0.0924711
-5.944215
-14.723178
-17.594755
-20.670828
-18.398909
-19.879503
-16.926912
-20.41357
-18.320074
-17.880074
-21.542255
-17.676176
-22.322382
-20.289038
-16.41089
-14.509368
-11.575956
-7.6559734
-8.321362
-6.7057204
-7.5343666
-7.9474063
-8.914563
-6.6667705
-10.119713
-8.760802
-9.994827
-9.2630625
-11.481348
-11.589596
-8.889871
-11.776487
-11.874353
-12.587715
-8.281819
-8.168795
-5.61922
-6.888174
-7.5420895
-11.772119
-9.278121
-10.611041
-10.085162
-12.297662
-10.098554
-10.625476
-19.0266
-17.967491
-18.614805
-22.95076
-17.462614
-20.79407
-19.971529
-17.02823
-21.886383
-19.002306
-22.002308
-19.34244
-18.100342
-20.847345
-20.41621
-24.36194
-19.791807
-21.788702
-20.13339
-21.997355
-21.59948
-21.525976
-21.279757
-15.869511
-19.392576
-16.956753
-18.688047
-18.269014
-20.726833
-18.687222
-18.436653
-22.960844
-23.096968
-14.018702
-15.108188
-11.347242
-8.311418
-8.933469
-8.219482
-8.1626215
-6.397546
-9.680151
-7.584186
-8.461608
-8.076994
-10.862429
-10.781843
-9.9592085
-11.263752
-9.424368
-11.135965
-10.903711
-11.734834
-9.8948765
-9.015421
-7.087545
-6.9854226
-6.0263143
-10.1382
-10.885836
-11.424456
-8.644556
-10.590709
-11.934928
-12.313657
-17.697273
-17.348547
-15.670548
-21.852282
-19.806803
-19.958874
-21.55054
-18.07905
-22.539066
-19.849987
-20.19636
-19.889027
-19.118301
-21.28577
-18.59916
-22.849197
-20.851728
-22.10598
-18.379734
-22.430777
-21.433504
-21.447369
-20.992586
-17.800768
-19.42349
-17.628101
-19.51023
-16.74903
-20.74262
-18.780928
-19.748442
-20.89928
-22.724745
-14.9888525
-16.802353
-12.222078
-9.43149
-8.125634
-6.487875
-8.043384
-6.435125
-9.308709
-7.758881
-10.124056
-8.094315
-9.297634
-10.072036
-9.825248
-10.780806
-9.135147
-10.619649
-12.528747
-12.284492
-10.230715
-8.588049
-7.5793123
-8.419998
-6.744249
-8.625593
-9.212523
-10.657433
-9.046083
-10.73208
-12.194596
-12.761667
-17.639463
-20.052439
-16.151236
-20.287422
-19.014875
-17.922628
-21.694086
-17.443184
-21.866747
-21.364574
-21.300205
-20.999008
-17.724543
-20.528969
-17.577831
-21.683668
-20.015675
-24.928574
-20.38771
-22.09237
-20.522635
-22.052048
-22.381681
-17.401306
-18.179344
-17.24854
-18.158792
-16.515917
-21.246765
-18.779823
-21.132551
-21.148935
-22.335508
-14.232687
-15.879366
-11.03606
-10.507181
-9.525179
-7.5119467
-8.430732
-6.941969
-8.605946
-8.031285
-10.227373
-8.445963
-9.273032
-9.313525
-8.028575
-11.475889
-10.308236
-11.135119
-11.913615
-11.483514
-11.339497
-8.52914
-7.8412385
-7.5773582
-6.4167285
-8.947101
Done. Our total time was: 30632ms
Samples per timestep16
ave frequency = 7.86758944894228
Target frequency = 7.8125
alpha filter = 0.7
Kp = 0.01
Ki = 0.01
Kd = 0
--------
-9.038926
3.566739
3.7666464
3.4706497
4.1270328
2.3833375
-2.970386
-22.231321
-29.744888
-32.122765
-24.74902
-12.115096
-9.849649
-7.0959563
-16.366167
-20.252953
-24.38809
-22.040642
-22.319946
-15.535091
-15.623783
-12.064548
-18.669945
-18.121162
-18.201664
-15.994332
-17.863302
-17.818764
-16.16366
-19.216673
-16.151117
-18.044119
-18.08413
-20.900824
-12.327559
-13.83088
-9.40754
-8.721167
-7.903683
-10.014176
-12.311875
-12.879623
-13.1959715
-11.822403
-13.675695
-13.019105
-11.142602
-13.951869
-12.18367
-13.2343235
-11.825996
-11.898139
-13.5879545
-13.304953
-14.023996
-10.411518
-10.699645
-9.889768
-11.389936
-12.365278
-12.831403
-14.410054
-13.094423
-13.41739
-13.861105
-12.400777
-14.330273
-23.397644
-17.674425
-18.189722
-16.497908
-14.395078
-17.466528
-16.620451
-17.89029
-20.623968
-17.775324
-19.334917
-14.671812
-17.748852
-16.704643
-19.48048
-17.994326
-20.627234
-18.461243
-19.13312
-14.085307
-17.725164
-17.892694
-18.980167
-15.415807
-16.018866
-16.740501
-17.242277
-17.047518
-17.212635
-19.292416
-16.45941
-20.698677
-15.107539
-14.80138
-10.615315
-8.991313
-7.4092083
-9.745066
-10.529096
-11.473441
-12.592999
-13.463881
-14.23626
-12.636273
-11.860367
-13.822653
-11.581278
-13.103916
-11.958883
-11.33501
-13.383551
-14.27473
-14.309454
-11.143562
-10.81723
-9.276915
-11.234433
-12.227091
-14.512416
-12.947733
-12.7327385
-13.137762
-14.537562
-12.266124
-12.602253
-23.142788
-17.881506
-19.221268
-18.499256
-14.076526
-15.940694
-15.94214
-16.891518
-20.522924
-17.376135
-20.187893
-16.123072
-17.987703
-18.018335
-18.766684
-17.525345
-17.235367
-18.469604
-19.590393
-15.0241375
-19.3409
-18.520763
-18.501131
-15.497428
-16.256762
-13.081154
-17.78621
-17.065474
-19.007502
-19.684893
-16.383532
-20.566267
-18.950527
-12.459511
-10.279089
-7.972834
-6.684766
-9.254131
-10.349803
-13.171472
-13.483239
-15.083936
-12.616105
-13.02935
-10.913101
-12.595398
-11.755017
-13.042588
-12.229987
-11.133614
-13.971523
-13.937468
-16.149078
-10.361411
-10.118731
-8.643778
-10.403035
-11.402403
-14.973104
-14.640514
-13.801174
-11.860825
-14.065066
-12.6728525
-12.876199
-21.925644
-18.713923
-17.747074
-19.538227
-15.499424
-16.569471
-14.701877
-14.648919
-19.600693
-18.972927
-21.882454
-17.803167
-16.626219
-16.558947
-17.766268
-17.888874
-16.940952
-19.375364
-19.204464
-18.236435
-20.525099
-16.899494
-17.30496
-13.438852
-17.376476
-13.931095
-18.554739
-15.892158
-18.35949
-20.152805
-17.288012
-19.594475
-17.964869
-14.795255
-12.384112
-8.340144
-5.732646
-8.347152
-8.95124
-11.593459
-12.907221
-16.07593
-13.391657
-14.148778
-11.244944
-12.520093
Done. Our total time was: 30821ms
Samples per timestep16
ave frequency = 7.88423477499108
Target frequency = 7.8125
alpha filter = 0.7
Kp = 0.01
Ki = 0.02
Kd = 0
--------
-11.5311775
3.4171748
3.2355328
3.2519689
-0.95302445
-19.660952
-36.208584
-34.136127
-20.5675
2.3766537
3.0421133
-2.4215527
-22.034983
-40.936157
-37.892723
-17.113682
1.4887886
3.2597713
-0.0031476018
-16.21179
-37.235622
-35.665787
-25.479235
-7.731475
1.0375471
-0.244421
Done. Our total time was: 3296ms
Samples per timestep16
ave frequency = 7.88834951456311
Target frequency = 7.8125
alpha filter = 0.7
Kp = 0.01
Ki = 0.04
Kd = 0
--------
0.21296501
3.4255333
3.872735
2.702733
-2.8330007
-22.653706
-30.83383
-34.190647
-21.28069
-16.534084
-8.901329
-14.388783
-17.274101
-16.170471
-17.196583
-17.000294
-18.935202
-15.44785
-18.607952
-14.550125
-16.952835
-19.830952
-22.876251
-13.841157
-13.595163
-7.7488384
-7.36169
-7.466225
-9.1976185
-12.306282
-11.783449
-14.538413
-14.1329975
-14.203963
-13.143615
-10.260662
-11.428901
-10.476508
-12.979997
-12.512972
-13.774306
-15.231636
-15.229137
-13.462528
-8.333729
-8.495396
-9.445146
-10.629704
-13.138056
-14.175244
-17.085373
-13.677723
-12.00184
-10.58652
-11.8518095
-16.468071
-24.062578
-18.005724
-18.989166
-17.240437
-13.213833
-16.53839
-15.592222
-19.77099
-22.347168
-17.26055
-19.025845
-13.005896
-17.048376
-16.163446
-20.188461
-17.51895
-22.620045
-19.681171
-17.93264
-13.032088
-18.172033
-18.983915
-18.05972
-14.686252
-15.520648
-16.397984
-16.463154
-18.611229
-17.704569
-18.637053
-18.01112
-20.476538
-14.237169
-14.722379
-10.27008
-7.9983664
-7.961852
-9.728201
-10.437221
-12.278818
-12.795712
-13.628515
-13.8057575
-13.030595
-12.096182
-12.405963
-10.673623
-12.681846
-13.14775
-12.255064
-13.877366
-13.902194
-15.2002945
-9.589998
-9.323583
-8.478311
-12.093822
-11.906492
-12.53947
-13.4098015
-15.13385
-13.961329
-13.709361
-11.974514
-13.680512
-22.61741
-18.12955
-18.034088
-18.111542
-15.153151
-17.231827
-15.640699
-17.196625
-21.747738
-17.32882
-20.275574
-14.599473
-18.610228
-17.648067
-19.115732
-16.312675
-17.930065
-19.28144
-19.998306
-16.006754
-19.803814
-18.031725
-18.767157
-13.647001
-15.410685
-14.025806
-17.981405
-17.064463
-18.506958
-19.981274
-17.230377
-20.960512
-16.037058
-13.7449875
-9.626535
-7.7959704
-7.0893607
-8.709441
-10.172332
-12.744863
-14.356606
-12.988123
-13.291412
-13.410631
-12.247404
-12.833196
-10.501569
-13.131197
-12.246593
-11.832437
-14.437345
-13.968059
-14.689621
-9.734249
-9.485543
-8.029424
-10.730102
-14.915957
-14.429387
-13.570887
-13.722718
-13.52076
-13.133845
-11.360631
-13.067283
-23.846277
-18.288376
-18.80019
-18.242662
-13.355269
-15.988009
-15.431991
-17.042477
-21.88089
-18.75597
-20.977869
-14.758919
-16.783434
-16.427958
-18.96668
-16.83009
-18.45403
-19.35589
-22.01227
-16.268517
-18.612263
-16.763903
-18.372215
-13.537829
-15.514549
-13.543099
-17.637451
-20.104181
-19.520021
-20.95916
-16.699583
-18.914993
-15.463544
-12.721468
-9.515631
-8.234729
-7.497964
-11.501545
-11.619971
-12.897268
-12.096884
-13.051014
-12.400854
-13.23872
-12.1331005
-13.240649
-10.795552
-11.576291
-12.37705
-11.83824
-14.483282
-14.694422
-16.207224
-10.682436
-9.710615
-8.2782345
-9.640845
-12.1466055
-15.162662
-13.575514
-14.84771
-13.04192
-14.151863
-11.724228
-11.078723
-19.506168
-18.005276
-19.784403
-21.52787
-15.6871605
-16.379925
-15.279842
-14.517672
-18.91152
-18.520529
-21.24845
-18.379725
-16.185286
-17.347189
-17.384369
-19.393885
-17.183687
-18.83663
-18.003782
-18.474949
-21.291063
-17.924725
-18.089746
-12.86715
-16.362465
-12.937068
-17.347975
-16.354528
-18.011957
-21.88552
-17.856052
-20.85681
-18.038736
-11.72743
-10.37238
-8.305427
-6.98506
-10.370416
-10.441871
-13.532308
-12.398959
-13.309966
-12.001492
-13.987601
-11.749517
-12.680727
-11.804588
-12.521079
-12.816066
-10.597371
-13.216761
-16.091982
-14.079043
-10.570079
-10.666533
-8.415078
-11.585634
-10.929412
-16.370321
-14.120679
-13.29648
-10.869211
-13.211935
-13.010736
-13.576314
-20.921585
-19.5864
-17.370113
-18.881014
-13.843152
-16.475998
-18.38725
-17.524382
-21.02277
-16.251656
-17.839205
-16.383543
-16.10484
-19.82962
-18.690922
-20.236097
-15.826574
-16.82294
-17.13353
-18.369772
-19.069187
-19.420744
-18.947048
-14.387969
-17.471708
-13.544634
-16.24141
-16.699738
-19.551159
-19.488894
-16.667265
-19.163769
-20.73078
-11.640405
-11.314893
-7.9114394
-7.030258
-10.171637
-11.164274
-13.097122
-12.643347
-14.725574
-11.729483
-12.464294
-11.695852
-12.629593
-12.07386
-12.781554
-13.518962
-12.010901
-13.1846
-13.880034
-13.847536
Done. Our total time was: 46818ms
Samples per timestep16
ave frequency = 7.88158400615148
Target frequency = 7.8125
alpha filter = 0.7
Kp = 0.01
Ki = 0.02
Kd = 0
--------
-12.814504
3.4599204
0.5363655
-4.000027
-14.242636
-17.608686
-24.55784
-21.543549
-19.601175
-14.431797
-16.2855
-16.054274
-16.529625
-19.980293
-21.853754
-10.87381
-10.615437
-9.715931
-7.490113
-10.635493
-10.842035
-12.907569
-11.984485
-14.963461
-11.513417
-12.381141
-10.449623
-12.753478
-13.749516
-12.723016
-13.309624
-11.282874
-13.718629
-14.434821
-13.573993
-10.539163
-10.492953
-9.192051
-11.063456
-10.622664
-14.965391
-13.665899
-13.624137
-10.830378
-12.592046
-15.169301
-15.03235
-18.644016
-18.125591
-15.094989
-19.161196
-16.364368
-17.1366
-18.302425
-14.940704
-20.11087
-16.884634
-19.069645
-17.420107
-16.76395
-17.89082
-16.290413
-19.004436
-17.939127
-20.614565
-16.661846
-17.043186
-17.540545
-19.713238
-19.17105
-14.871204
-16.154041
-15.91336
-19.499641
-14.381766
-18.795225
-16.71509
-18.370275
-20.407324
-21.750229
-11.581277
-11.416842
-8.648327
-9.3820915
-10.261365
-10.163946
-11.869011
-10.515197
-13.165229
-13.4383135
-14.5916
-11.382686
-11.371304
-12.40735
-12.789103
-12.910573
-11.739777
-13.831804
-15.076286
-13.911038
-10.857781
-9.816341
-10.101029
-12.512229
-10.228211
-12.642284
-13.131551
-14.483452
-12.044246
-13.383189
-14.123271
-13.82646
-17.584867
-20.706903
-14.149278
-17.986446
-16.914116
-16.285114
-19.789286
-15.111842
-17.1661
-18.187088
-17.975927
-20.125828
-16.295734
-19.57926
-16.65415
-17.21391
-15.468395
-22.771128
-17.807962
-19.507168
-15.9349375
-18.44728
-19.422173
-14.908158
-13.7723055
-15.393186
-19.310051
-16.248308
-19.477053
-16.051252
-18.632927
-18.593538
-20.667452
-12.999952
-13.715231
-9.600126
-8.907578
-9.457748
-10.773011
-12.197658
-11.598304
-11.978296
-12.747814
-13.332021
-13.19872
-11.695926
-13.019388
-10.9896555
-12.340234
-12.287411
-12.93937
-14.616901
-13.118885
-13.342275
-10.071549
-10.028974
-10.262304
-11.141468
-14.055934
-14.199804
-13.389348
-12.274295
-11.920387
-12.884863
-14.343031
-17.773132
-23.296701
-14.679221
-15.436104
-16.709913
-15.548002
-20.450388
-17.152565
-17.365602
-18.762243
-15.89437
-18.831408
-15.802574
-19.132051
-16.983372
-18.921286
-18.124403
-20.718174
-18.427671
-18.008472
-14.120189
-18.662693
-20.204319
-17.27346
-13.672371
-14.546363
-14.493739
-17.669249
-19.947817
-18.943548
-20.68826
-16.527426
-18.127256
-13.211488
-13.921162
-11.8011675
-10.6637745
-8.917641
-9.050578
-11.728274
-12.87465
-12.280762
-11.620534
-13.044736
-13.868951
-12.76421
-13.190266
-10.552381
-12.624639
-12.7341795
-11.750478
-13.262203
-13.307372
-14.512669
-10.581491
-10.2166195
-10.031814
-12.26061
-13.592872
-12.560742
-12.728316
-13.452769
-12.281072
-12.980762
-14.066952
-16.169834
-24.429426
-16.353104
-15.05421
-14.956432
-14.309261
-19.240223
-18.244827
-17.778204
-20.979954
-17.076653
-17.661251
-14.708579
-18.162685
-17.47366
-18.910889
-18.328396
-18.70875
-19.610954
-18.892605
-13.955839
-19.951796
-19.465246
-18.907406
-13.903819
-15.316003
-13.751599
-16.867277
-19.077385
-17.357786
-19.86862
-18.864597
-19.094618
-15.532789
-13.453671
-10.74493
-9.63312
-7.724732
-10.450503
-11.698027
-12.957447
-12.478785
-12.5789175
-11.187404
-11.365242
-12.098725
-14.864989
-13.2001705
-13.652084
-11.577642
-11.008161
-13.308556
-13.502061
-15.128531
-10.054621
-10.130215
-9.052619
-11.776261
-14.04011
-14.229312
-11.747338
-12.651069
-13.168796
-14.858025
-12.957177
-12.1249895
-22.11923
-18.665844
-16.753948
-17.658615
-13.79929
-17.233307
-17.426414
-17.773087
-21.12596
-15.667314
-18.629234
-16.619623
-18.034739
-18.243145
-18.51364
-16.698524
-17.773613
-19.644257
-20.606358
Done. Our total time was: 41555ms
Samples per timestep16
ave frequency = 7.86908915894598
Target frequency = 7.8125
alpha filter = 0.7
Kp = 0.02
Ki = 0.02
Kd = 0
--------
-17.216291
-2.6767178
-0.069845214
-6.7688937
-10.772012
-13.035301
-12.719401
-12.167965
-11.475555
-12.984499
-12.416463
-14.338039
-10.45127
-10.511663
-13.308781
-12.398245
-13.07599
-14.4714365
-14.408173
-9.18076
-10.891328
-11.716151
-11.559238
-11.531453
-13.87852
-12.223254
-11.6894865
-12.496645
-15.238404
-12.905926
-11.810085
-21.405453
-18.455801
-14.5883665
-19.251402
-16.998857
-17.132765
-15.649186
-15.973489
-20.559702
-16.578821
-16.962154
-15.653999
-19.14225
-22.505104
-18.999073
-16.114635
-14.121935
-18.2457
-19.876205
-18.58691
-17.753235
-18.545004
-20.189718
-14.458191
-16.15801
-14.874895
-18.034948
-17.187334
-17.110806
-19.187214
-15.937056
-19.481508
-21.214622
-11.7325945
-9.751519
-10.423532
-9.638398
-12.802132
-12.3603945
-12.142866
-10.409627
-12.551922
-11.647763
-12.550823
-11.195101
-13.9099865
-12.280739
-11.476097
-13.402311
-12.703036
-13.701857
-15.117907
-13.217039
-9.742704
-9.89895
-11.074135
-12.843558
-10.972038
-12.402879
-13.146941
-13.233972
-10.924932
-14.496713
-15.692211
-13.27809
-18.38
-17.933922
-13.057996
-18.789
-17.789766
-17.308163
-17.701107
-15.192317
-20.540098
-17.293453
-16.53047
-18.100325
-16.329245
-19.053904
-17.396044
-19.818686
-17.950472
-18.467113
-15.343199
-18.311075
-20.427498
-19.45099
-17.52532
-13.02705
-15.769886
-18.457548
-19.506767
-14.668918
-17.73986
-17.590769
-17.313562
-19.569208
-19.517673
-10.15305
-14.093764
-12.19157
-9.000828
-11.2750845
-11.676584
-12.573663
-9.856976
-12.89459
-12.277941
-12.401712
-11.602605
-13.422849
-12.627322
-12.404334
-13.212225
-12.019307
-12.996826
-15.067908
-13.271348
-10.379942
-10.155167
-10.9381485
-12.964123
-10.800357
-13.2881775
-13.427446
-13.587739
-10.995921
-12.150589
-14.711084
-14.009922
-17.377848
-20.580418
-14.102892
-15.250081
-16.784737
-18.026567
-20.737696
-15.251187
-16.142897
-17.396946
-19.710672
-19.466919
-14.905152
-18.60822
-18.207932
-19.678164
-17.33978
-19.875355
-15.632978
-17.072807
-18.463165
-21.247229
-18.355452
-12.22729
-15.534859
-18.213673
-18.960764
-14.924027
-18.447634
-16.03112
-17.706087
-20.189623
-21.983635
-11.123756
-11.488706
-10.930201
-10.666236
-11.681946
-10.559834
-12.445623
-9.920545
-12.538492
-12.853904
-14.007535
-10.747983
-11.013209
-13.608454
-14.031434
-14.304527
-11.555791
-12.17693
-13.75675
-13.595203
-11.403601
-9.287187
-10.4021845
-13.671254
-12.012341
-12.231268
-11.411951
-13.913751
-12.78958
-12.321506
-13.0432205
-14.780655
-18.13491
-20.221182
-13.056711
-15.534993
-18.77432
-16.748772
-18.84956
-14.689127
-18.726498
-19.97221
-17.657583
-18.706009
-15.552624
-18.556236
-16.435778
-18.892128
-17.476023
-21.113527
-18.001171
-16.370773
-15.180707
-21.127016
-21.32664
-14.930432
-12.758727
-16.104605
-19.148832
-16.104418
-18.948292
-16.036589
-17.033218
-19.017124
-21.276419
-12.770368
-13.589469
-11.932988
-10.743445
-10.145293
-10.589376
-11.224857
-10.772463
-11.872816
-13.781676
Done. Our total time was: 34134ms
Samples per timestep16
ave frequency = 7.88070545497158
Target frequency = 7.8125
alpha filter = 0.7
Kp = 0.04
Ki = 0.02
Kd = 0
--------
-11.3356695
3.1284385
2.7077818
2.1037216
-2.0319123
-6.7068267
-9.180383
-8.092766
-12.023858
-13.519499
-11.219195
-18.199085
-17.242062
-10.601811
-16.173029
-22.097841
-18.522388
-10.299889
-12.106373
-28.83758
-24.341091
-4.564352
-5.2560663
-29.710188
-30.979692
-5.6182437
-3.029622
-29.185074
-31.8421
-5.9730897
-3.2983246
-28.137917
-32.508293
-11.212605
-1.2295146
-23.842886
-30.298412
-13.014186
-5.2503076
-20.568474
-29.8587
-14.690567
-10.576157
-21.485258
-17.863165
-11.587005
-10.463833
-12.294879
-14.755801
-11.890787
-10.716428
-10.946996
-14.061302
-11.950194
-11.498579
-11.301508
-14.137457
-13.759647
-10.394181
-12.596287
-13.374667
-12.967269
-12.921962
-13.039577
-11.290867
-11.249532
-11.244275
-12.81131
-11.100933
-11.628677
-12.644748
-14.7091
-11.0376215
-11.009493
-14.184165
-16.562857
-17.066017
-13.75627
-11.131061
-21.864862
-21.372295
-12.178445
-12.99124
-22.12133
-24.986057
-8.892088
-8.461813
-27.579332
-27.060755
-7.6021643
-5.5414906
-28.29413
-27.700285
-10.9732
-6.410433
-25.368853
-29.03523
-13.8393545
-8.373967
-18.235748
-26.716171
-14.729893
-8.799992
-17.111525
-26.715723
-16.000795
-10.580805
-20.903772
-27.007702
-8.9995575
-9.840377
-16.447323
-15.097831
-9.692735
-9.729161
-14.632305
-12.178153
-10.5313835
-11.60723
-14.119643
-11.391707
-10.591249
-14.175541
-14.02868
-11.9850235
-10.057456
-14.446259
-15.928853
-11.725954
-9.348285
-11.024632
-13.529417
-13.091623
-8.71726
-11.632062
-15.492054
-14.662612
-8.2623
-9.310444
-18.22724
-19.184137
-12.371207
-11.87085
-16.116156
-22.211008
-17.579987
-8.669229
-18.844313
-23.896664
-15.789638
-8.802231
-19.656422
-29.209316
-14.730952
-5.946789
-17.376009
-30.406548
-15.1817
-7.9761586
-20.399271
-28.129177
-13.741513
-11.027913
-22.698198
-23.508905
-11.508775
-10.464778
-23.552097
-20.956879
-13.843842
-11.385126
-20.569258
-25.251188
-18.492931
-7.2109814
-13.229393
-17.974789
-13.594652
-8.483846
-11.269062
-15.683621
-12.427355
-9.760988
-11.865634
-15.333175
-13.055281
-9.135112
-11.479578
-14.577694
-14.522171
-11.065761
-9.622002
-15.090642
-16.267166
-11.717397
-7.5855274
-10.721083
-15.956696
-13.314307
-8.762693
-9.335449
-16.531536
-16.992785
-8.368272
-6.6990576
-16.898697
-22.776558
-17.659481
-4.376231
-12.472479
-29.71919
-20.839111
-4.637163
-9.104466
-29.757067
-28.300858
-3.8542705
-5.079933
-29.428482
-32.960224
-5.9587173
-3.6632452
-26.658276
-32.048985
-10.553727
-6.068313
Done. Our total time was: 28603ms
Samples per timestep16
ave frequency = 7.9012690976471
Target frequency = 7.8125
alpha filter = 0.7
Kp = 0.08
Ki = 0.02
Kd = 0
--------
