0.60543823
0.74007416
0.78292847
1.4955444
-0.41911316
1.4252853
0.4350891
0.34949493
1.5654297
-0.45483398
1.309166
0.2552414
0.92993164
0.44802094
0.40257263
1.418747
0.3564453
-6.99102
-4.5802307
-15.569374
-6.152626
-11.920464
-10.625847
-22.158882
-21.15149
-21.384224
-10.254494
-11.262306
-13.795868
-20.148552
-13.763588
-7.5612106
-17.720535
-16.473831
-29.946915
-22.449059
-16.162231
-20.382423
-23.154503
-6.8188934
-21.063393
-10.702377
-23.204826
-22.938675
-20.512543
-10.15007
-10.886551
-11.538368
-18.021332
-24.551628
-16.209
-22.841843
-24.752876
-24.778297
-24.057503
-14.299797
-19.708092
-15.210861
-24.837944
-10.842407
-18.037224
-20.435387
-29.091011
-8.050934
-16.038696
-26.606094
-22.239555
-23.029716
-25.50216
-22.605667
-4.540779
-10.603874
-13.128944
-13.331039
-14.179848
-10.61087
-13.396805
-14.093544
-10.630188
-11.649361
-11.256187
-12.292503
-13.625122
-8.481117
-11.912323
-10.627159
-12.8954315
-7.528343
-9.05159
-5.4614944
-9.748344
-8.419411
-12.579742
-6.8549957
-11.086937
-6.907646
-10.676384
-10.394043
-8.555595
-10.019897
-5.4056244
-11.26799
-9.112228
-10.946922
-10.86705
-6.2042465
-10.899544
-5.0383453
-10.957993
-10.086273
-7.5199203
-11.778458
-9.604919
-5.573532
-13.597031
-8.447586
-10.82753
-13.330521
-9.295776
-9.408737
-11.509361
-10.684494
-9.853851
-4.7413635
-9.84993
-9.541153
-10.650581
-9.929016
-10.750893
-9.825279
-10.517334
-8.879837
-6.940056
-6.641678
-8.615784
-7.481514
-10.804176
-7.3264923
-7.6186905
-10.382233
-8.744041
-8.45797
-8.971283
-7.8676453
-9.833847
-11.999527
-9.931816
-14.865494
-4.891861
-11.3997345
-6.639206
-7.535042
-9.447899
-18.644295
-32.90663
-23.571884
-28.658852
-8.782196
-7.0574265
-6.265541
-5.5290833
-17.52063
-26.581123
-19.980484
-25.039818
-20.022308
-10.876793
-24.01258
-10.728088
-19.973434
-21.446205
-10.224693
-21.809326
-18.36164
-26.038239
-30.948418
-23.721527
-14.914383
-14.624588
-8.517883
-21.213951
-20.11351
-22.460815
-19.76387
-18.928574
-25.61847
-26.17556
-29.987839
-15.137131
-18.37838
-8.871292
-13.096245
-27.797539
-22.798767
-27.895653
-27.781212
-29.032349
-22.569931
-28.574799
-9.455902
-17.223686
-16.724274
-21.863396
-22.25441
-19.932068
-21.119904
-28.331558
-19.620262
-24.436806
-11.1091385
-22.02494
-13.735031
-20.171997
-18.984833
-12.262833
-22.122894
-23.012756
-25.922775
-16.516068
-18.069916
-10.504089
-21.46119
-15.572678
-15.156677
-17.006386
-24.21936
-26.841331
-21.967476
-24.714424
-16.517807
-22.630447
-10.713562
-12.084091
-22.138489
-27.4973
-22.947365
-27.571777
-24.362198
-6.28463
-11.613571
-12.379959
-13.239998
-14.23455
-13.063057
-13.101311
-15.341927
-10.122604
-12.509804
-9.138321
-14.807068
-12.640274
-12.83329
-10.216904
-10.359772
-10.541916
-12.366966
-6.9111633
-8.890541
-7.787178
-11.670021
-8.870071
-12.827629
-9.20549
-11.560631
-8.819443
-14.026718
-6.6171417
-9.55349
-7.1711807
-7.192116
-10.251427
-8.733444
-13.063805
-6.0647507
-8.696136
-9.144684
-7.94899
-12.947662
-8.795517
-9.283562
-9.410713
-5.8302383
-11.000252
-11.8798065
-8.523636
-13.533623
-9.542992
-8.0401535
-12.670151
-10.794739
-11.361137
-6.3737717
-9.796738
-10.429504
-10.822975
-9.4941025
-9.692047
-8.854599
-9.599136
-9.73616
-7.5065994
-9.138237
-5.975197
-8.891533
-8.68885
-10.057144
-6.341919
-8.593033
-7.495552
-11.589821
-9.492424
-10.548126
-6.8925934
-10.56884
-8.105515
-9.394402
-7.0161743
-9.488571
-10.385918
-6.8007812
-11.528481
-11.006073
-21.06578
-35.012848
-24.127594
-24.166618
-5.3213654
-5.499237
-5.230034
-6.4830704
-16.907898
-25.07087
-22.323715
-24.416794
-23.46019
-17.098099
-23.489288
-9.666595
-18.36837
-9.667923
-5.6180573
-20.712914
-19.970497
-32.322784
-33.88114
-21.792732
-24.121292
-11.762558
-8.919708
-22.528519
-12.161453
-22.493134
-19.55017
-23.319267
-22.643723
-27.72873
-22.698433
-17.06897
-18.889603
-19.626015
-27.685875
-22.220924
-22.941177
-11.586899
-22.069221
-21.07843
-29.426003
-21.85376
-16.239708
-18.520576
-20.314987
-25.334465
-19.73278
-16.63533
-27.840248
-31.039375
-18.49128
-27.723236
-9.130768
-22.447502
-13.607346
-11.4327545
-7.6007385
-18.599228
-23.740768
-29.611366
-22.265213
-23.723442
-21.061432
-26.566635
-27.016685
-20.130798
-9.572372
-20.63813
-14.840073
-21.84758
-12.136253
-21.159637
-26.714615
-19.60376
-22.009132
-22.050713
-25.927635
-21.839005
-17.007263
-23.104614
-15.368362
-4.99704
-13.345291
-15.388184
-15.554939
-13.976547
-14.20813
-14.046631
-13.166374
-11.782829
-8.68634
-13.387215
-11.031059
-13.258011
-8.11853
-11.902512
-10.160965
-13.190979
-8.492653
-10.324692
-7.343094
-11.71965
-8.486176
-10.911171
-5.8911667
-11.83815
-6.613968
-12.109154
-7.7099686
-7.738632
-8.377106
-8.453011
-12.418175
-9.425888
-13.627869
-7.7332993
-8.157829
-8.713165
-6.1266327
-11.855766
-8.209381
-7.64843
-11.805687
-7.0735397
-7.2654037
-12.148087
-7.0678635
-11.971191
-11.615547
-8.231659
-9.593826
-11.81237
-11.427155
-7.9968185
-8.524384
-9.580627
-10.489868
-11.730988
-8.700455
-10.926056
-10.447052
-11.62677
-9.891151
-9.247925
-6.740036
-9.419594
-9.373825
-9.068878
-5.4657288
-3.550537
-7.6694946
-6.4119644
-10.42691
-7.296341
-7.006668
-9.579399
-11.439606
-9.10096
-12.087524
-4.5476227
-12.963814
-8.89045
-10.491943
-9.696213
-12.0774765
-25.755188
-13.464767
-19.211563
-9.025032
-8.08905
-12.694519
-9.050278
-15.932892
-21.40889
-16.034775
-18.791847
-15.490898
-13.343124
-18.15316
-17.498383
-19.521667
-18.46592
-13.570442
-18.532005
-20.229187
-20.739182
-24.780487
-15.423546
-18.720276
-17.737366
-14.643982
-26.374847
-20.826553
-23.233978
-15.268074
-15.199951
-20.907867
-23.467995
-27.511482
-20.757408
-21.649147
-18.36174
-21.565483
-23.29013
-20.28476
-15.530884
-19.375809
-24.298996
-22.369362
-24.722008
-19.851082
-23.912155
-19.707306
-26.267914
-16.410309
-16.936813
-20.039528
-26.948914
-23.894318
-26.979828
-18.587105
-26.79161
-23.192062
-19.781128
-17.386658
-13.563156
-20.13527
-22.316238
-19.297241
-17.173607
-24.029129
-19.908966
-28.661499
-20.588097
-18.389847
-21.330109
-22.555923
-27.672752
-13.268318
-20.965912
-16.974503
-25.26741
-17.693787
-17.300781
-24.195068
-23.425812
-20.142761
-30.063248
-23.89566
-11.511261
-15.800919
-18.324135
-19.54712
-19.03666
-13.456329
-15.120987
-14.415794
-12.086182
-14.024429
-9.170212
-14.50222
-12.530975
-15.133583
-8.934334
-13.175606
-13.88884
-14.248093
-9.9290695
-8.131546
-8.861305
-9.438004
-10.339767
-8.60984
-7.8716354
-11.300827
-7.1208954
-14.7376175
-7.152809
-10.744545
-8.216309
-8.393143
-11.849701
-11.180962
-12.809364
-8.354431
-11.608955
-7.8577576
-9.016426
-12.140358
-6.717613
-11.198227
-7.9740677
-4.7302704
-13.444778
-8.61953
-9.148636
-15.228432
-9.231216
-10.242783
-11.894012
-9.609619
-11.849541
-4.696457
-5.0406494
-7.039459
-5.3432236
-7.0120316
-6.1181107
-7.607376
-6.4915543
-11.071869
-5.523903
-7.7827606
-4.8544617
-10.776581
-9.244896
-10.279678
-5.6389313
-8.314522
-5.6779175
-8.118645
-6.6811676
-7.105034
-6.349411
-13.577934
-10.050545
-15.000153
-10.958992
-5.1688843
-10.679382
-5.4198227
-10.267838
-8.685043
-13.597939
-23.641663
-15.681587
-17.651161
-10.358856
-10.500313
-13.3701935
-15.247986
-17.206009
-19.096443
-16.343903
-15.060959
-13.265442
-13.407471
-20.67736
-15.310432
-21.338623
-16.103134
-11.654106
-20.829292
-14.500992
-20.200577
-24.639206
-15.478661
-19.847565
-16.827362
-16.189705
-26.128265
-19.543121
-22.213898
-15.306824
-19.024437
-20.131744
-24.238693
-25.374802
-18.97815
-23.267319
-18.362495
-28.391083
-21.26107
-20.470215
-13.590591
-17.2976
-20.154137
-28.232193
-19.730453
-23.872017
-23.336891
-21.60521
-19.617554
-15.744431
-14.505501
-20.882881
-29.67685
-25.346245
-30.309464
-20.001488
-29.62851
-20.22229
-17.880669
-13.252342
-16.70536
-17.500069
-26.122192
-15.453033
-21.24134
-20.260254
-27.072105
-19.330856
-21.473656
-17.290092
-22.753716
-24.535202
-19.19934
-17.860054
-19.848892
-27.243248
-19.373978
-20.208694
-18.655724
-22.951363
-23.318123
-24.591705
-27.215553
-23.430412
-10.687164
-17.8665
-19.396027
-17.081375
-18.640022
-13.16053
-15.098183
-14.720985
-11.402939
-13.981888
-9.204941
-14.10331
-11.708778
-14.062874
-12.957863
-12.499626
-13.28389
-11.962357
-9.182655
-7.7811584
-10.09951
-10.096123
-9.883247
-10.862335
-10.553772
-7.79422
-6.440323
-15.44957
-6.8376617
-10.338852
-5.6874847
-10.32663
-8.751968
-11.784653
-12.180511
-7.048767
-11.748436
-6.939926
-12.396515
-10.316933
-6.69207
-10.93557
-7.9823914
-5.2449493
-11.806625
-7.668129
-11.107407
-13.622162
-10.202858
-11.050774
-12.299942
-9.6425705
-11.676086
-3.996193
-6.14563
-7.5465546
-7.1000443
-6.816635
-5.864273
-5.517853
-7.29615
-9.818306
-5.878235
-8.389633
-7.163597
-10.749657
-8.289032
-6.8369904
-3.1845093
-7.6417923
-7.3299484
-9.838921
-7.911934
-9.877991
-5.6029434
-11.9075165
-7.6194687
-14.059006
-9.008591
-7.1637573
-12.665466
-7.435013
-11.3635025
-9.438133
-18.584091
-16.205467
-15.034302
-10.942558
-5.198654
-12.516327
-12.248833
-18.27031
-22.524467
-19.964417
-17.924423
-16.30523
-15.350601
-14.03186
-22.985542
-16.302872
-20.282402
-13.770493
-12.313644
-19.02118
-15.640404
-25.828033
-26.357819
-18.795761
-22.489143
-17.570976
-20.384445
-21.100433
-17.35234
-19.453842
-12.616478
-21.963585
-21.509758
-29.356903
-21.231003
-17.910553
-19.669907
-17.038826
-26.134254
-17.823776
-19.332367
-15.356049
-23.789001
-20.85073
-29.629349
-19.124756
-23.558838
-19.525879
-27.940338
-16.559845
-18.014885
-15.271774
-24.24958
-24.521408
-25.069046
-22.115356
-27.43634
-23.873108
-19.58783
-18.112991
-12.595131
-18.595848
-19.671814
-26.739342
-18.997993
-21.945328
-20.179008
-27.3172
-21.101479
-19.273483
-15.598785
-20.004234
-26.780182
-19.655327
-19.102814
-20.311363
-26.323402
-20.68042
-17.648872
-24.886818
-25.819542
-20.211731
-25.343216
-24.66922
-12.200775
-15.816109
-18.41861
-19.859451
-18.939346
-15.748192
-15.077629
-15.184242
-12.231964
-11.019241
-10.101074
-16.378677
-12.20826
-14.90831
-8.760246
-13.517006
-12.181374
-12.509979
-8.960953
-9.252945
-8.353195
-12.770142
-8.419754
-9.055634
-5.2304
-11.412071
-7.364395
-13.257408
-8.396103
-9.703667
-11.089668
-5.9079437
-12.268875
-9.960968
-12.883072
-7.4959106
-9.387856
-8.437805
-6.7335663
-12.263779
-7.228035
-8.087982
-11.756538
-4.982338
-12.659309
-10.328308
-8.173485
-15.826759
-12.489517
-8.288559
-11.478554
-8.8454895
-11.584534
-5.5087967
-6.195587
-7.0830154
-8.028809
-8.410767
-4.4282227
-6.958687
-6.580307
-9.403885
-5.3417892
-9.727226
-5.0071487
-10.715027
-8.458778
-11.487038
-5.0005035
-8.213524
-6.572975
-7.279953
-7.6977615
-7.8682632
-6.1214905
-9.064217
-10.372025
-10.398674
-11.545288
-4.752205
-11.75032
-6.9619293
-11.438774
-9.462814
-11.562134
-24.688965
-15.464386
-14.602303
-7.4907074
-10.639008
-13.740639
-16.511215
-19.029266
-21.180214
-13.230988
-16.54972
-13.591202
-12.104027
-20.049744
-15.704727
-21.475616
-16.218529
-13.871033
-18.50885
-16.41043
-21.34668
-26.95044
-13.654701
-20.40979
-16.841286
-15.700844
-26.433388
-19.874664
-23.725464
-17.645813
-18.31633
-20.441513
-24.644852
-23.636635
-16.530945
-20.77861
-17.401878
-24.642746
-23.342995
-23.456284
-16.61065
-22.14972
-22.155075
-28.615112
-19.428413
-18.222984
-22.60971
-22.427841
-29.649582
-15.989838
-16.698532
-21.625061
-23.1165
-21.869698
-29.55188
-18.310379
-30.446304
-22.360191
-18.60215
-15.644783
-20.130844
-20.271622
-25.262527
-15.04023
-20.277641
-18.653854
-27.491257
-22.240005
-22.571716
-14.383331
-21.820831
-22.035545
-20.052666
-20.13028
-19.800644
-27.482025
-19.577019
-19.07711
-18.517807
-24.293602
-21.014267
-23.167969
-24.979652
-12.101654
-9.534256
-17.542603
-20.25203
-19.392365
-15.352951
-13.750618
-16.789825
-16.191635
-12.362488
-12.107559
-15.450256
-12.902496
-12.186111
-7.0836716
-12.269569
-10.683105
-14.243759
-9.6384735
-11.810295
-8.096214
-14.128487
-10.998749
-13.306992
-7.537903
-9.620773
-8.450951
-12.969246
-9.825272
-7.4921494
-11.552521
-4.679718
-10.360542
-9.489769
-10.98909
-9.9077
-7.824318
-10.689865
-6.820183
-13.215164
-10.392464
-7.011528
-13.312256
-8.091934
-5.058243
-13.609596
-8.824768
-10.190308
-13.002441
-8.41217
-8.895676
-13.1972885
-9.71875
-10.728836
-4.7243347
-6.072777
-7.3293686
-9.00721
-6.3003006
-7.4867477
-7.267418
-7.821335
-8.031433
-4.820015
-4.923065
-5.759857
-11.454491
-8.23262
-9.070839
-6.4195557
-9.668037
-9.415604
-11.658638
-7.317398
-7.2461014
-4.596512
-11.735634
-6.4224396
-14.657562
-10.023453
-8.618759
-10.337982
-7.1522827
-9.5151825
-8.5905
-18.193008
-15.786514
-17.728287
-13.146484
-7.752884
-15.105156
-12.070892
-16.668701
-24.023277
-15.709679
-14.655357
-14.134903
-10.531586
-15.571533
-20.723953
-15.912125
-20.611694
-14.302269
-14.556038
-20.87445
-16.931877
-24.942444
-24.790428
-13.800453
-20.7099
-14.000519
-18.313942
-21.399796
-19.594444
-23.045586
-15.314789
-23.161331
-20.854576
-24.98542
-21.592445
-19.454803
-19.337715
-18.34349
-25.211975
-19.010292
-21.308334
-17.040573
-24.500465
-20.964119
-26.253754
-20.06771
-25.660645
-20.02649
-29.83284
-20.194107
-16.540192
-17.299828
-23.504921
-20.737335
-24.091896
-22.274048
-23.641891
-28.64907
-18.588364
-20.90683
-14.101486
-19.994156
-19.251099
-25.914726
-15.622971
-18.678192
-19.910042
-26.991013
-21.271812
-21.249908
-16.596268
-21.204575
-26.085625
-15.689659
-19.10147
-17.004257
-27.009415
-19.006706
-18.859344
-23.79737
-25.863846
-21.290962
-29.892487
-27.500137
-12.483276
-15.864113
-17.56591
-17.826347
-16.680374
-14.50267
-13.026703
-14.772751
-10.875145
-14.11795
-9.57029
-15.119141
-13.330017
-13.406189
-10.026421
-11.5876465
-12.20134
-12.962181
-9.260307
-11.305695
-8.7269745
-13.278297
-11.085922
-12.997101
-5.2545013
-12.5395355
-7.1061554
-11.984451
-6.2777176
-10.537994
-10.193192
-6.445381
-12.404358
-9.244827
-13.228996
-6.8171387
-9.5433655
-9.401482
-5.9277954
-14.180634
-8.947914
-9.538872
-10.590187
-5.47641
-9.542458
-11.463974
-7.6319504
-13.829369
-10.621902
-9.4374695
-12.370087
-10.728584
-11.618233
-7.280655
-5.0023727
-6.320999
-6.688446
-8.018593
-4.951645
-8.027893
-6.934944
-10.932098
-5.040024
-7.279999
-5.313263
-9.360443
-8.673965
-9.699295
-5.4343185
-7.8819656
-8.640076
-8.959915
-8.4301605
-7.7803574
-5.3099136
-8.935287
-11.347282
-8.329826
-11.484192
-5.916237
-12.238922
-7.3038177
-11.575661
-10.841103
-12.687592
-19.236145
-13.850311
-14.715233
-8.269234
-8.884399
-12.264938
-15.961304
-18.978271
-24.859665
-14.983307
-17.05996
-16.039436
-13.394501
-20.077469
-14.485199
-19.917458
-18.226845
-13.001343
-22.359467
-15.949188
-22.294708
-25.907837
-14.619324
-19.497139
-15.415001
-16.50106
-26.505127
-19.22754
-21.031235
-15.92749
-19.1185
-18.50074
-24.759827
-23.743546
-18.149475
-21.068481
-19.166344
-25.818642
-19.940468
-24.429855
-15.456108
-23.244423
-19.225235
-24.323853
-18.935501
-20.958168
-24.593872
-21.109962
-23.979294
-18.571167
-17.69674
-21.619186
-23.525146
-21.026367
-24.685226
-21.858551
-30.829987
-19.781876
-23.729576
-15.302383
-18.189392
-18.441574
-22.843994
-16.866196
-18.110123
-17.609344
-24.447678
-24.649994
-20.84742
-16.390656
-22.875061
-22.737656
-24.96016
-15.201233
-22.169228
-24.160614
-16.967682
-17.38813
-19.602417
-23.329285
-22.132881
-22.545074
-30.026245
-15.542099
-12.902695
-19.697998
-19.660042
-18.347694
-17.140694
-13.808876
-15.601204
-15.899506
-12.154449
-13.309822
-10.020309
-14.885742
-14.689102
-9.404999
-13.726295
-9.254227
-12.529312
-8.385376
-9.153496
-7.636017
-11.537865
-11.472122
-13.915482
-9.183746
-11.007751
-12.070053
-11.231377
-13.47998
-7.408386
-10.436249
-4.6604614
-9.37867
-8.430092
-11.702805
-8.9889145
-7.419403
-11.968819
-7.1986847
-10.799423
-11.960114
-8.415573
-11.466522
-7.518158
-5.4365616
-12.028687
-6.63472
-8.899811
-14.252487
-10.704224
-12.457405
-12.865936
-11.740334
-8.265709
-4.9180145
-5.6572647
-7.1827393
-9.119705
-5.200798
-8.592041
-7.5727615
-7.4172134
-9.595291
-6.428421
-8.788025
-7.0333633
-11.38884
-9.010979
-10.566673
-4.4824677
-6.889694
-6.4255447
-8.527657
-5.971817
-7.1207504
-5.7002106
-12.163239
-9.166519
-13.446098
-7.3776474
-7.8737183
-8.294121
-6.7575607
-11.905334
-8.730194
-26.22213
-20.41957
-17.917671
-11.246094
-6.0198364
-12.529678
-9.290199
-13.861259
-20.440155
-17.204071
-16.060272
-15.183548
-15.667313
-14.106674
-23.442566
-17.540398
-20.772697
-14.532669
-11.831627
-18.659973
-16.140205
-24.226685
-19.559875
-14.323021
-21.771286
-14.612869
-19.376617
-23.649384
-17.69123
-22.132622
-17.646217
-20.245094
-22.547928
-27.013412
-25.000183
-18.225677
-21.389519
-20.401062
-20.75734
-18.277527
-21.649979
-13.78064
-23.199966
-20.275185
-28.88652
-20.057442
-22.41922
-21.76197
-27.61763
-24.112907
-16.897873
-19.908699
-24.384605
-24.080872
-20.651764
-20.612473
-21.191772
-20.344917
-18.270462
-19.768188
-14.430977
-23.511581
-22.948334
-26.387634
-17.702774
-21.892952
-17.309631
-25.938873
-20.196602
-22.09694
-18.089386
-21.445274
-22.319458
-21.083992
-20.585884
-21.537186
-23.734589
-17.710464
-18.901352
-20.171188
-23.293663
-23.228127
-27.454086
-27.54525
-14.520195
-10.45005
-17.356178
-17.682777
-17.710007
-15.159592
-15.071495
-16.759445
-14.406113
-13.253815
-9.247627
-17.094841
-12.100616
-13.090584
-8.930344
-11.360153
-11.899811
-11.094116
-8.959534
-10.903191
-7.564392
-13.829796
-10.676964
-11.1528015
-5.535843
-12.656921
-7.7240295
-12.059341
-11.419685
-10.746574
-10.22567
-7.244179
-11.101715
-9.087891
-12.270538
-8.3806
-10.002258
-9.349388
-7.420433
-14.524384
-8.864151
-9.452965
-11.106407
-5.333992
-8.623581
-13.488342
-8.913467
-14.819183
-9.240219
-8.633522
-13.287598
-11.13372
-11.305008
-7.8460693
-3.450264
-5.312546
-6.469757
-6.577156
-5.0921783
-8.28302
-8.1254425
-11.646858
-6.752716
-9.027878
-5.693062
-7.8297195
-7.7304
-7.6054993
-4.746834
-7.217865
-7.1083984
-10.099083
-9.910034
-7.374588
-5.8292694
-8.404762
-9.905075
-7.290985
-10.382835
-7.3596497
-13.482208
-8.055122
-9.875534
-9.606262
-13.448853
-25.92852
-14.926834
-17.688194
-10.00872
-7.867592
-10.466171
-10.307411
-16.303734
-21.439583
-13.521362
-16.421844
-15.268158
-13.249954
-19.242096
-19.18003
-18.176956
-17.555153
-13.200073
-16.891418
-19.625793
-18.048592
-26.58876
-18.950546
-18.714523
-17.615608
-16.171402
-23.74582
-22.17099
-23.16423
-19.340431
-18.759537
-20.93274
-21.378334
-22.325851
-17.312706
-19.942436
-18.985672
-19.948769
-21.666046
-19.749977
-16.974556
-19.738731
-25.812256
-21.605156
-27.956886
-20.863754
-22.912628
-25.241463
-29.295898
-15.048782
-18.369484
-16.877548
-25.735489
-21.937653
-24.34288
-20.072563
-26.653282
-20.474823
-16.008926
-18.173798
-16.89006
-21.259857
-24.958046
-23.328598
-18.16224
-19.590424
-17.656227
-24.536919
-18.936584
-19.031914
-19.515419
-21.180267
-25.355324
-16.490372
-19.804153
-23.138626
-25.48899
-19.884705
-16.371323
-23.552017
-25.034409
-22.23935
-27.236649
-23.936722
-10.210358
-19.118713
-17.430794
-14.901093
-16.182472
-13.376183
-15.34391
-16.228775
-11.945221
-13.311104
-11.716087
-17.211044
-14.369507
-12.84494
-11.695923
-12.768097
-10.742378
-8.60614
-8.455505
-8.260269
-9.228714
-10.527573
-15.144028
-10.610046
-13.273781
-7.765358
-10.129478
-10.147064
-6.829033
-11.603867
-4.5558624
-11.7969055
-10.450424
-11.647873
-10.313423
-7.264557
-10.509735
-6.378319
-13.134911
-9.464462
-7.862961
-11.852715
-8.048012
-6.247818
-12.318008
-6.304657
-12.1575165
-12.869919
-8.232941
-9.598053
-11.391357
-10.051399
-10.7335205
-5.0433807
-7.179825
-7.9500885
-8.100906
-5.085846
-6.7257233
-7.3900757
-7.438118
-9.280205
-5.0101395
-7.7851944
-8.314972
-11.564529
Done. Our total time was: 89604ms
ave frequency = 20.3227534485068
Target frequency = 20
alpha filter = 0.2
Kp = 0.05
Ki = 0.003
Kd = 0.001
--------
0.3261032
0.9072113
0.6473923
-0.16679382
0.3784485
1.0454636
0.2577591
-1.8098221
-0.24409485
-9.623077
-8.941483
-14.386871
-20.37928
-18.491318
-19.599884
-21.870865
-15.036758
-15.798225
-14.150391
-12.220268
-16.444717
-11.100319
-11.096863
-12.39077
-14.357773
-8.9470825
-10.059601
-9.44577
-11.969803
-11.231445
-11.76281
-12.521271
-15.402046
-18.23906
-18.934189
-18.380043
-12.675674
-13.294296
-9.383636
-11.116966
-5.2702637
-9.169922
-6.0301895
-16.838013
-14.731949
-22.499184
-16.13359
-16.859322
-16.757462
-11.699928
-13.862228
-10.602921
-23.843277
-17.865646
-20.957748
-12.866211
-9.104103
-14.457909
-12.151886
-17.475128
-22.97445
-19.681854
-18.884476
-16.440292
-12.466194
-15.577789
-17.899307
-14.078537
-18.258514
-10.295319
-11.149078
-18.245102
-14.066597
-24.989723
-27.754303
-18.414024
-21.819305
-10.668716
-17.215614
-17.085487
-9.481087
-11.375198
-6.3453445
-15.529625
-16.199974
-28.375374
-23.247543
-23.84153
-22.51107
-19.310493
-23.08422
-14.860611
-14.18531
-5.2508774
-11.588081
-9.851624
-18.836159
-11.552109
-22.287834
-20.076477
-30.868439
-21.547546
-17.829918
-14.080757
-16.304138
-18.939842
-12.644585
-13.16893
-15.28521
-17.669785
-13.25029
-14.403473
-16.182983
-18.668999
-20.293549
-23.879494
-12.775276
-17.559708
-12.990623
-16.78817
-11.390289
-10.677231
-15.67617
-15.204277
-24.434273
-15.242676
-21.901367
-19.36016
-22.042068
-15.169098
-11.89167
-16.358124
-19.329643
-15.523483
-22.931885
-21.482224
-6.890686
-12.256226
-14.571716
-13.095001
-13.978127
-10.078766
-11.910027
-12.975235
-9.197212
-12.608498
-8.468597
-16.19223
-11.890266
-15.681793
-15.455345
-15.790436
-15.248413
-17.462013
-11.609444
-11.610016
-9.136421
-9.323349
-10.276497
-8.889496
-6.450432
-13.53788
-10.934639
-18.48796
-16.904465
-19.30729
-14.121689
-15.099579
-16.00653
-13.182152
-16.690842
-7.848793
-10.067932
-8.042328
-6.6204147
-16.4161
-11.390411
-15.925583
-16.465843
-12.443619
-15.419968
-16.92192
-11.911018
-17.834465
-13.59771
-11.549637
-14.615524
-14.27182
-15.259689
-8.068611
-8.449936
-9.922714
-9.076553
-13.340439
-11.087822
-14.5781555
-12.224739
-17.279686
-12.652397
-13.2024765
-8.204361
-17.50267
-12.861389
-17.007301
-12.190292
-12.865715
-10.188583
-13.187012
-9.551765
-11.798462
-10.430206
-12.559814
-16.29084
-18.833755
-19.582703
-13.706444
-21.12709
-9.663879
-11.349861
-11.649559
-15.724747
-25.882568
-19.871887
-20.020035
-9.739876
-9.795212
-10.684799
-11.165924
-15.9470215
-22.691643
-17.080765
-19.88977
-17.318298
-14.287537
-23.063156
-15.390846
-19.5102
-12.964584
-7.3231125
-16.577545
-12.084473
-23.566368
-27.99961
-16.212906
-23.103989
-14.663643
-16.747055
-20.808624
-9.646942
-17.124702
-6.967102
-12.705887
-17.924522
-21.685707
-20.602455
-16.61161
-17.543533
-13.879295
-26.033188
-13.679703
-16.591095
-11.142998
-17.096222
-18.189873
-26.412384
-17.015373
-15.024101
-12.870888
-13.059021
-15.249031
-12.045013
-16.43866
-23.79821
-27.459503
-21.340042
-26.379692
-15.370926
-19.741081
-14.724915
-10.004883
-7.1523285
-9.290237
-12.813377
-20.922188
-16.530373
-16.644218
-17.404022
-23.887535
-16.828613
-17.38919
-12.547485
-15.119591
-16.802002
-15.620331
-12.050514
-16.869064
-22.688354
-17.75029
-17.579987
-17.306839
-21.479973
-17.99395
-17.376907
-25.790009
-13.175453
-5.999054
-11.816444
-12.206757
-10.863373
-12.173645
-10.485748
-15.008835
-14.18795
-11.539299
-12.234703
-10.068413
-13.341164
-13.968979
-9.607674
-15.192017
-12.119118
-15.6635895
-12.401627
-13.784927
-9.828331
-15.599907
-13.620583
-16.973831
-10.25856
-13.797073
-9.86676
-11.749565
-16.716766
-11.086082
-14.895386
-11.483841
-14.518234
-11.687714
-14.829315
-10.728958
-10.466972
-15.929993
-11.670082
-17.970055
-15.71772
-12.930771
-16.748299
-14.620178
-9.400421
-14.498169
-10.174179
-12.556503
-15.13929
-12.626244
-12.74778
-17.819595
-15.007256
-15.709206
-8.357529
-8.431107
-9.039749
-8.095131
-9.480026
-8.656464
-12.840561
-11.861099
-17.820564
-13.482132
-20.01928
-14.042801
-15.967499
-12.0513
-11.016052
-6.671463
-13.384163
-10.546135
-16.717499
-14.2460785
-17.15828
-13.580612
-19.98758
-12.694588
-15.159874
-9.162933
-10.817848
-10.861038
-11.859222
-15.949188
-14.794632
-25.919342
-23.473717
-23.059631
-15.747932
-7.0597687
-10.518982
-7.1895905
-9.489868
-18.358871
-16.350662
-20.89524
-21.797241
-17.8208
-23.269966
-26.969795
-16.199242
-14.204933
-6.261757
-3.629486
-11.257767
-7.7605133
-20.716423
-24.266449
-23.855133
-28.197342
-20.519012
-23.81929
-17.75563
-10.890152
-10.396858
-5.7821503
-11.516922
-16.406258
-23.2602
-19.567627
-21.370811
-21.142685
-24.203209
-23.33104
-16.154861
-17.269905
-7.7291565
-14.035744
-12.031639
-17.759796
-12.391495
-20.32341
-15.560394
-26.810555
-17.565697
-15.910439
-16.432571
-20.318352
-15.796188
-15.889954
-15.310249
-15.999847
-20.770157
-17.421402
-21.357986
-10.055397
-15.609146
-13.3489
-17.981094
-13.604996
-15.911377
-14.241219
-21.01332
-17.254662
-16.107681
-14.17083
-19.610077
-23.520248
-19.839981
-18.203499
-13.21109
-20.214958
-14.010376
-12.20282
-17.284485
-19.782288
-19.373825
-20.655594
-22.436676
-17.210426
-7.383728
-12.618637
-11.411659
-10.075897
-10.96006
-7.5813293
-10.879646
-12.957581
-10.083282
-12.971008
-15.6135025
-13.576912
-14.960457
-9.88163
-14.995071
-12.536049
-15.627396
-11.181938
-11.71553
-8.687904
-14.319572
-11.628693
-17.591805
-10.506622
-16.557663
-13.051407
-17.045685
-14.735718
-9.909378
-11.49836
-6.9746017
-11.864311
-11.100281
-17.2108
-13.340446
-13.495491
-14.791206
-9.655556
-17.373886
-13.961983
-13.043816
-16.114052
-8.431427
-9.785133
-14.963699
-10.718529
-15.866158
-15.153336
-13.583214
-15.622353
-15.278465
-15.307999
-10.042328
-8.667732
-11.069328
-10.78125
-11.999908
-11.951675
-13.20401
-12.582542
-15.9021
-13.092049
-10.630478
-8.648453
-11.709862
-15.0219345
-16.922401
-15.941193
-15.168083
-14.680046
-12.643494
-13.324326
-9.594963
-8.682503
-11.440659
-18.078217
-11.526749
-20.992294
-12.700645
-18.925652
-12.339149
-10.160843
-11.444679
-9.880211
-28.706116
-18.374542
-24.526337
-15.789955
-11.352638
-14.949852
-10.798157
-10.950203
-18.804321
-13.156883
-15.300812
-16.65113
-15.223099
-22.078537
-23.198738
-20.80014
-23.393242
-12.323418
-12.467972
-12.420288
-9.21254
-18.895401
-17.950134
-13.918823
-20.62291
-16.096405
-25.931038
-19.349182
-15.4407425
-19.618393
-8.803452
-15.177292
-14.658592
-19.741127
-14.512062
-16.968903
-18.719803
-20.857346
-22.237137
-18.093765
-14.466827
-10.271439
-17.567993
-14.073624
-20.716187
-13.486176
-21.32209
-18.2574
-26.74826
-16.146858
-15.432587
-14.198624
-18.619484
-13.19149
-18.62938
-17.001976
-22.14344
-22.849945
-17.220367
-13.131332
-8.507576
-12.81662
-13.539665
-18.759804
-12.005096
-18.704826
-17.8956
-23.418358
-16.467926
-16.36058
-13.000122
-16.936874
-19.896454
-11.218201
-19.044724
-17.168541
-18.62474
-16.7958
-14.4433975
-19.248978
-21.525558
-19.060135
-26.34327
-20.281021
-6.6823425
-13.287918
-12.123138
-11.490875
-14.059784
-9.833656
-10.57637
-11.669067
-7.3188934
-12.13118
-9.272034
-13.624664
-11.315636
-9.444321
-13.540993
-13.531006
-18.433563
-16.450447
-15.639572
-11.70018
-12.077698
-12.604271
-15.406891
-9.012291
-11.289467
-11.544594
-9.470116
-15.864906
-11.884537
-16.913788
-10.541801
-14.368912
-11.89344
-13.218315
-13.618721
-10.682396
-16.522377
-12.934914
-13.90921
-14.841301
-12.485481
-16.169891
-14.323563
-10.259781
-17.42157
-9.612305
-12.795998
-15.511017
-13.210403
-14.145096
-18.110298
-15.272232
-15.469971
-7.336006
-8.634445
-9.35685
-8.928329
-7.890915
-11.577789
-11.298943
-12.629814
-19.249893
-12.995918
-16.393227
-14.237579
-18.168152
-11.794037
-12.809723
-7.5305786
-10.445602
-10.490906
-14.217583
-10.98822
-15.948158
-9.833153
-18.73825
-14.230225
-19.412056
-14.022491
-15.357155
-15.919952
-9.873962
-13.34697
-11.514458
-24.80764
-20.18438
-19.573639
-19.590012
-6.961563
-12.77301
-8.777008
-12.844734
-17.537758
-15.910812
-16.289902
-18.171082
-16.78653
-20.907196
-24.14515
-18.068794
-21.992798
-14.060547
-6.43116
-14.590546
-7.864105
-23.04834
-19.41362
-15.940155
-20.804138
-15.910278
-22.94255
-24.116753
-16.71222
-13.460503
-8.999535
-11.589584
-10.897881
-19.28627
-19.231308
-19.25238
-19.140991
-17.79448
-23.786621
-20.613853
-16.85418
-12.011246
-19.146255
-14.09639
-23.752792
-11.891815
-16.455566
-13.861954
-22.78392
-13.344345
-14.914368
-16.042496
-21.118134
-21.432632
-23.632477
-20.95092
-20.257904
-20.599976
-13.056213
-10.728195
-5.503708
-12.693985
-10.97081
-19.292206
-11.150917
-17.467422
-17.891129
-27.722923
-19.766876
-22.144531
-15.915894
-17.930038
-19.551727
-8.894447
-12.210381
-11.682739
-19.716766
-13.481415
-13.509972
-16.98793
-22.79541
-18.441406
-23.595558
-25.710709
-14.341698
-10.036591
-15.264221
-14.402664
-11.674866
-7.7820053
-8.2191925
-11.734467
-10.310181
-8.390015
-10.320938
-16.990631
-14.640221
-17.828285
-11.037369
-15.700951
-11.87957
-13.480469
-11.14093
-12.488716
-7.930687
-15.055908
-10.76387
-15.733147
-10.180565
-16.53186
-9.883301
-15.946571
-15.529167
-16.19416
-14.992226
-9.421768
-14.275688
-11.582382
-15.1465225
-9.916443
-9.720001
-13.025406
-8.962433
-18.889313
-13.663986
-15.867256
-19.17936
-12.100464
-13.936081
-14.869232
-8.929337
-14.087936
-11.6599655
-8.89077
-15.89122
-16.48996
-15.282425
-12.784607
-8.572983
-7.739105
-9.830719
-10.229935
-9.799004
-13.152893
-12.325714
-17.42453
-12.4737015
-11.87011
-10.317001
-16.698883
-16.15934
-15.974182
-12.147812
-11.426773
-12.760834
-11.4960785
-13.502945
-10.348946
-10.99427
-10.240372
-16.73883
-12.910561
-19.131958
-13.280785
-17.822136
-12.3209305
-14.227028
-16.300064
-19.84768
-29.795303
-16.96077
-17.520859
-7.374481
-4.7881317
-6.997879
-6.7001038
-17.806557
-22.477524
-23.106934
-27.775024
-24.10263
-17.321388
-20.372139
-10.675316
-10.100403
-10.594574
-4.730751
-12.32296
-17.081177
-22.350716
-31.369286
-22.98819
-23.0979
-19.302063
-12.794052
-16.998451
-9.671776
-10.260094
-10.353615
-12.639473
-20.49208
-25.307861
-26.849167
-16.64125
-19.079788
-11.358215
-16.380852
-16.095078
-11.788681
-13.72998
-16.848198
-21.539505
-21.073006
-22.735298
-12.597107
-16.895546
-13.56147
-19.027084
-11.750824
-14.202766
-14.645149
-23.200752
-16.931953
-22.125938
-15.758728
-20.546814
-19.761337
-15.493141
-16.267586
-13.542007
-15.568909
-18.781708
-19.039993
-12.163612
-15.657639
-16.167786
-22.1353
-16.255219
-16.480034
-16.134972
-18.639801
-23.55558
-11.812965
-16.92099
-14.121033
-16.984451
-13.650497
-11.306526
-18.444702
-18.740906
-17.82103
-21.51722
-19.12033
-8.141632
-12.012436
-15.655846
-17.251099
-18.58577
-13.795242
-13.031906
-11.880211
-6.758354
-10.469788
-7.094223
-13.411697
-10.593262
-12.855217
-10.141365
-14.1034775
-10.670273
-14.719879
-12.8573
-14.318558
-16.097557
-17.99945
-17.103249
-12.771088
-8.615219
-12.725494
-8.692352
-16.6632
-10.292633
-13.157524
-12.180115
-11.456833
-15.796951
-12.609085
-18.238434
-11.643471
-13.373993
-13.857613
-10.276978
-16.908783
-10.791649
-12.0563965
-14.243187
-8.200386
-10.949379
-16.864227
-11.674942
-17.190971
-16.432198
-12.344292
-16.475006
-13.694809
-14.689255
-11.94017
-6.3227463
-8.529724
-9.039597
-12.999985
-8.811829
-13.344757
-13.488754
-20.943092
-12.674248
-16.419136
-11.083069
-16.837341
-9.510529
-12.759865
-10.142967
-12.223007
-11.074753
-16.06398
-13.530571
-13.65538
-13.919983
-12.173676
Done. Our total time was: 51832ms
ave frequency = 20.3542213304522
Target frequency = 20
alpha filter = 0.2
Kp = 0.05
Ki = 0.01
Kd = 0.001
--------
4.920059
3.084198
3.81427
-0.46650696
-14.006973
-18.000114
-19.855957
-19.975876
-18.33915
-23.764008
-14.211067
-9.583054
-6.790535
-11.030792
-18.639648
-14.74614
-22.9515
-17.885895
-27.165787
-13.689407
-13.965454
-13.822418
-16.73204
-17.131432
-21.076683
-23.827415
-7.404297
-7.8913727
-13.517166
-15.074837
-18.777939
-13.406448
-15.188805
-12.936722
-12.75
-12.0298
-6.7936172
-12.55909
-11.681816
-19.352852
-13.184402
-18.209259
-10.69519
-13.39238
-8.279793
-9.778793
-10.807846
-17.608139
-13.665039
-19.279732
-8.212051
-11.403748
-6.6368713
-14.919785
-11.130844
-14.859306
-14.335564
-13.5019455
-15.099625
-13.232513
-16.180443
-9.991753
-12.169746
-10.931221
-10.859764
-16.241821
-13.472687
-15.235046
-16.679504
-9.373169
-13.866882
-14.327583
-10.8533325
-17.007736
-13.9420395
-12.59507
-13.621399
-13.26461
-15.50824
-8.613594
-8.564194
-9.909744
-9.660011
-14.701736
-12.286697
-16.505806
-15.181801
-17.853706
-9.454384
-10.809914
-7.522293
-13.733978
-11.430748
-15.108528
-14.520325
-16.831497
-15.34787
-14.576485
-8.708473
-9.176636
-6.269684
-9.534912
-17.902916
-17.502884
-23.40609
-13.016907
-20.555328
-9.046448
-9.917992
-6.225586
-11.583748
-28.410522
-23.443306
-29.544853
-10.89418
-6.739456
-2.0874252
-1.3243179
-15.36377
-26.622414
-25.551735
-27.29255
-20.861313
-13.540924
-13.788788
-5.174164
-7.6657867
-11.299652
-12.616844
-28.354538
-27.462936
-33.091812
-31.087715
-8.551254
-3.3720627
0.5797882
2.8679962
-13.676483
-23.566109
-33.74884
-29.329865
-26.835487
-17.981667
-13.620605
-11.764381
-3.3564224
-8.785561
-12.672897
-25.303741
-27.789627
-31.38099
-16.186722
-14.94915
-7.3165054
-12.24971
-14.25975
-6.9440002
-19.290848
-21.581268
-27.80423
-20.30429
-17.5784
-16.899033
-19.058792
-12.793274
-15.9219055
-12.224503
-24.186417
-16.264824
-19.50721
-13.330513
-14.288422
-14.746796
-19.691887
-17.616539
-14.91655
-15.886032
-19.945145
-17.485313
-16.775986
-11.527245
-16.316925
-18.007156
-22.23899
-12.937393
-17.938713
-16.00917
-17.526741
-13.830353
-13.240288
-21.007675
-20.549767
-23.536163
-24.291138
-21.891174
-5.2076874
-10.847977
-10.490021
-10.800339
-14.859512
-12.884697
-14.869278
-13.882217
-10.840317
-11.146439
-10.610573
-12.767342
-16.828384
-12.333626
-14.180603
-12.466309
-15.071312
-12.039139
-13.828506
-10.204971
-14.926163
-11.187958
-16.6922
-9.270821
-17.08702
-8.050186
-15.507874
-9.24791
-9.979019
-14.500046
-11.977158
-18.89946
-16.167633
-18.825539
-10.455612
-10.689163
-8.604622
-6.7809906
-13.339615
-13.929054
-17.002655
-17.022316
-11.118309
-11.619743
-16.042908
-11.310379
-17.10987
-15.867966
-13.185287
-13.520905
-12.031799
-10.870224
-12.367004
-6.9241943
-12.169174
-12.850204
-15.547501
-12.7801285
-14.142334
-12.980103
-16.641502
-10.633888
-9.539413
-7.0722275
-12.990517
-13.046555
-15.167473
-14.832535
-13.971596
-15.540314
-13.061256
-13.377365
-9.912231
-12.963654
-8.915176
-16.91661
-11.678291
-19.501724
-13.00013
-16.923851
-15.120308
-12.131264
-12.161148
-9.937729
-24.053024
-17.511757
-21.832405
-11.790466
-7.360344
-11.746155
-10.964592
-18.569336
-26.136559
-21.766998
-22.269775
-14.783951
-11.87397
-9.0985565
-10.8106
-10.170052
-17.68071
-18.04058
-21.18982
-28.50666
-22.525826
-28.224472
-9.024101
-5.011032
-4.790161
-0.89442444
-26.088127
-26.640923
-35.735657
-27.697754
-17.569016
-9.390244
-4.7090073
-6.3798676
-3.6026077
-15.256981
-20.524628
-31.941925
-27.243202
-29.229767
-14.85157
-10.606781
-10.269333
-12.483788
-14.119621
-12.327034
-21.38353
-17.245811
-28.653328
-15.050865
-15.541092
-16.40155
-19.698296
-16.710648
-19.318665
-12.155022
-17.344833
-13.301445
-15.52594
-14.981163
-15.320061
-20.410332
-19.269989
-19.574142
-15.435814
-15.620766
-13.030075
-16.00248
-12.400375
-14.880035
-16.189133
-19.702858
-22.560555
-14.415024
-18.25737
-19.707687
-22.889748
-15.587082
-13.314117
-14.647499
-17.042633
-15.590103
-23.947632
-22.260277
-7.587372
-10.1835785
-15.028122
-15.7426605
-19.21762
-13.377296
-14.202927
-13.723694
-9.13784
-11.321121
-7.5244904
-14.995262
-14.494919
-15.995361
-10.580353
-12.827492
-13.074913
-11.318535
-12.876625
-10.761444
-14.348511
-13.978073
-17.81218
-14.950241
-11.85257
-11.5607605
-11.510376
-14.893547
-6.651703
-12.923477
-8.430191
-14.873146
-15.074493
-17.877495
-17.698357
-12.684441
-15.033424
-9.606895
-10.666481
-10.827667
-9.890137
-16.961227
-15.419052
-11.707634
-16.619698
-14.108513
-13.572624
-15.711334
-10.932991
-11.66983
-14.963005
-14.035622
-17.139275
-8.900436
-11.262596
-10.690346
-11.824272
-10.400169
-10.42083
-11.604782
-13.18779
-15.835556
-10.887863
-12.317032
-13.729683
-17.092148
-12.685089
-14.313957
-9.88382
-11.591965
-11.148064
-16.223831
-11.949127
-13.745651
-9.174553
-16.861534
-11.983437
-16.178726
-14.612961
-13.304092
-18.228157
-10.23999
-16.138107
-12.085541
-21.508026
-23.369194
-19.077599
-14.837868
-3.472931
-6.4627
-6.096306
-19.079414
-27.097755
-27.89022
-24.356628
-14.952881
-8.058258
-6.1117477
-11.178238
-11.904861
-21.91919
-22.230156
-20.824608
-23.928848
-15.349228
-18.511848
-10.404404
-5.5329514
-10.356918
-12.804565
-21.142212
-32.364563
-25.943428
-22.811852
-11.401253
-10.50528
-7.436981
-15.299477
-17.000786
-16.797935
-22.858353
-20.26487
-25.815353
-15.460587
-15.462418
-6.720627
-12.553993
-13.274773
-22.896683
-16.861053
-22.945068
-20.64795
-26.847466
-17.18866
-9.915382
-8.564507
-12.26165
-20.352234
-18.021538
-22.598518
-20.360413
-27.39006
-17.740448
-15.485985
-5.8864746
-8.945656
-11.5620575
-17.809029
-16.843002
-22.78553
-20.215439
-26.639809
-19.405525
-15.419083
-6.3186874
-12.754379
-11.890038
-16.020203
-16.200256
-19.279541
-24.81363
-19.281197
-18.906334
-14.645134
-18.01484
-16.392273
-14.607803
-19.990677
-9.939468
-8.118919
-16.239594
-19.57782
-18.913162
-14.680382
-15.190628
-11.590752
-10.583092
-8.480095
-9.98951
-16.747467
-13.742905
-18.631119
-10.120697
-13.139893
-9.30291
-13.589546
-11.028137
-12.113083
-11.465553
-14.379562
-15.084816
-18.504951
-11.99057
-14.711693
-9.5214615
-14.090874
-9.648064
-12.499039
-15.068909
-9.73999
-18.256317
-10.966034
-16.66359
-11.423035
-10.437813
-11.130341
-9.050903
-18.466797
-13.620491
-13.866684
-15.459122
-10.293167
-10.908501
-16.70324
-12.952164
-18.654724
-17.370087
-11.868118
-13.348488
-10.849091
-12.624916
-9.450493
-7.580902
-9.482384
-11.618408
-16.421455
-13.78479
-17.698448
-13.05275
-15.187668
-11.345528
-8.212242
-7.5244675
-9.487991
-12.153397
-17.29889
-18.419914
-16.209106
-18.131912
-14.201096
-11.351913
-7.834656
-8.988319
-7.669899
-17.733627
-13.938606
-20.35382
-13.412552
-20.017159
-14.254044
-10.199944
-9.178535
-12.1349945
-22.80597
-17.466476
-23.017372
-8.632706
-8.926407
-11.487564
-14.025612
-19.260681
-26.557297
-20.252373
-21.207703
-12.178757
-6.0838776
-12.751923
-10.613358
-17.045715
-21.333931
-18.780327
-23.47982
-20.314613
-16.658989
-20.230667
-7.998741
-7.314522
-12.041351
-9.131638
-24.036964
-26.982132
-29.306046
-18.226547
-12.182434
-12.57885
-7.1141205
-16.061844
-13.566383
-22.527252
-20.972847
-25.173882
-25.846138
-16.870087
-13.205498
-7.378601
-11.962463
-11.808022
-23.724358
-17.282562
-24.259583
-17.957458
-25.232208
-11.21685
-10.917976
-10.863365
-21.757637
-17.542747
-22.368134
-15.5529785
-22.024185
-18.021324
-14.430702
-9.866821
-8.117409
-16.964386
-18.580482
-26.05867
-15.685661
-22.422981
-15.420021
-24.029495
-12.754326
-9.850914
-8.749115
-13.496155
-18.629227
-12.220337
-20.804886
-20.152855
-24.381317
-19.202263
-14.703224
-19.819427
-17.979172
-16.792374
-22.947739
-20.346497
-5.5445404
-8.866287
-13.90596
-10.890244
-17.661858
-13.789886
-14.644669
-14.790009
-9.467705
-12.62146
-8.314423
-13.502655
-14.15667
-18.939003
-11.330742
-13.455688
-14.13028
-12.664581
-9.801079
-9.350449
-13.182419
-12.429466
-14.819885
-15.786514
-11.199387
-12.717865
-10.500946
-18.842606
-10.210945
-15.456429
-10.617493
-11.553421
-13.47551
-15.658516
-16.729485
-12.518112
-13.810806
-10.342644
-12.786636
-15.703346
-12.295631
-16.379845
-12.030945
-10.150986
-12.507317
-12.71228
-14.334702
-19.235611
-13.886154
-12.1703415
-13.756836
-12.340073
-14.1345215
-7.9269333
-8.159615
-11.117111
-10.060242
-14.353317
-13.690041
-17.073135
-15.733353
-14.932198
-9.352112
-10.753838
-6.9647903
-14.997185
-13.612915
-18.786514
-14.486237
-14.070305
-12.269287
-11.710068
-9.522621
-10.726578
-8.64653
-14.734009
-19.74839
-13.782944
-18.007294
-9.341164
-15.219742
-8.684113
-13.673981
-13.192963
-25.161697
-31.931755
-17.86023
-14.542633
-1.5688324
-2.3791504
-5.4144135
-11.58828
-28.71582
-30.580536
-28.66822
-23.172363
-15.680092
-5.823448
-5.5829697
-4.921692
-10.039429
-17.574402
-18.740929
-30.282715
-26.343536
-29.969704
-25.400719
-6.261635
-2.7090683
0.5486908
-0.0056762695
-23.712898
-23.818993
-34.669975
-29.017548
-23.906937
-14.02916
-8.283325
-7.2752686
0.4685135
-11.122612
-15.119675
-28.572693
-29.287338
-32.856483
-16.367912
-17.697083
-8.410439
-11.769714
-10.810303
-11.264481
-18.24945
-28.277954
-27.812248
-16.86164
-15.33432
-11.269966
-17.71888
-12.112671
-17.78566
-13.61129
-23.280136
-18.68039
-19.069565
-11.051895
-13.874702
-15.154236
-18.108826
-13.786896
-14.450836
-16.553352
-21.212067
-20.078056
-18.872246
-12.982735
-17.908928
-15.420349
-18.72902
-13.373695
-17.664055
-21.194626
-18.89766
-15.424675
-15.201752
-18.65628
-18.744019
-18.459633
-23.30674
-22.387299
-5.0870056
-9.775856
-13.171577
-12.943802
-14.961182
-12.071655
-13.452667
-14.133156
-10.800507
-15.159737
-13.252037
-14.735657
-14.333336
-12.52153
-10.043304
-13.879433
-15.77034
-12.683029
-12.115112
-8.371429
-9.079315
-11.222099
-15.811134
-14.681709
-14.4003525
-14.578712
-15.76963
-18.249008
-11.310852
-14.16967
-5.492859
-11.825729
-11.043121
-15.737671
-15.967148
-11.49868
-17.073204
-9.562584
-15.856995
-15.391388
-10.744133
-12.659462
-11.899467
-7.5932007
-15.065506
-13.611176
-12.697449
-17.501984
-12.012283
-13.049835
-14.945122
-15.058144
-16.589432
-8.941338
-9.829041
-10.625046
-10.386429
-12.660049
-8.393875
-13.080086
-13.709503
-18.450378
-12.454636
-11.864319
-10.520103
-14.688057
-12.473351
-14.531654
-10.038162
-14.828201
-11.957649
-19.123512
-13.808861
-13.0460205
-7.849106
-13.232735
-10.391487
-19.019287
-12.54554
-11.556435
-16.873459
-11.542809
-16.50425
-13.761978
-29.35382
-23.840645
-19.063904
-10.37648
-0.68987274
-1.7591095
-5.60112
-17.199768
-27.549164
-33.176674
-29.244316
-17.62957
-8.4752655
-1.5065002
-4.669319
-7.199959
-16.98021
-23.398453
-29.072968
-35.14633
-24.46312
-20.814774
-12.230698
0.5102539
0.1364975
-2.2710876
-24.82991
-30.749634
-29.272278
-30.248505
-12.475494
-11.48233
-5.1651764
-12.522827
-16.199081
-14.109421
-19.990982
-18.49047
-27.93306
-18.236008
-17.226067
-9.972
-16.559357
-12.050278
-21.641212
-13.061478
-19.38884
-18.225693
-26.776436
-17.41056
-12.900604
-11.61731
-14.622063
-17.633743
-14.4021
-18.680481
-18.003868
-25.459305
-16.756805
-18.82006
-8.770256
-14.740021
-14.787788
-23.363998
-15.467667
-18.185043
-15.247894
-21.522865
-16.833588
-15.218002
-9.4754715
-16.041153
-19.008621
-17.602882
-16.973389
-18.918495
-22.006744
-17.33139
-13.265533
-12.045876
-20.039314
-17.301064
-23.0654
-25.051773
-16.850891
-8.04866
-13.820129
-12.746651
-12.538956
-13.309906
-11.308136
-13.724136
-14.779953
-10.623405
-9.990356
-13.826218
-13.408447
-14.759445
-10.63858
-15.432327
-11.440231
-15.452515
-10.78389
-12.315498
-8.540352
-13.038544
-12.742516
-18.23172
-11.233086
-14.389954
-10.777763
-15.857025
-12.914116
-11.030182
-15.035439
-7.486206
-15.086792
-11.843697
-18.946259
-16.990921
Done. Our total time was: 52691ms
ave frequency = 20.3640090338008
Target frequency = 20
alpha filter = 0.2
Kp = 0.1
Ki = 0.01
Kd = 0.001
--------
2.9269867
3.0921936
3.9616241
4.250099
3.7607574
-0.34937286
-15.420052
-25.75138
-23.742523
-10.043152
2.5019226
3.3765411
3.9698486
-1.90979
-17.498749
-37.717957
-40.377678
-23.290833
3.1646347
2.4791183
2.2097626
1.2719803
-12.567177
-31.428864
-38.789574
-29.439941
-2.5377731
3.3648376
1.439064
1.5598907
-23.795494
-29.669647
-42.240173
-20.074425
-6.250084
2.842308
0.24079895
0.5452728
-18.949478
-31.469658
-37.920586
-27.848541
-18.119186
1.9687119
2.9481125
3.8598938
-13.369308
-34.858772
-39.181793
-32.864807
-3.7549057
4.0999146
2.296341
-3.7210083
-30.166252
-37.060585
-32.03401
-23.012344
-7.0102997
0.049453735
-1.9025192
-13.427818
-29.882767
-36.31549
-35.44056
-15.221863
-6.370117
2.0648499
0.22542572
-13.446114
-31.429443
-34.11953
-30.172646
-15.055206
-3.1767426
1.848526
2.2606964
-17.426437
-30.757889
-39.919304
-34.92041
-16.1055
-3.4846573
0.8892975
-0.00046539307
-8.786987
-26.571487
-32.250275
-30.576584
-16.31601
-9.894989
-5.131462
-9.677681
-12.474831
-23.171074
-26.045746
-30.555992
-19.928703
-17.135689
-10.020859
-0.87625885
-3.0596466
-16.08815
-24.85698
-30.161407
-20.61435
-16.073174
-7.2979126
-4.9201736
-5.6684265
-7.7448654
-21.68586
-27.064262
-28.1297
-13.392822
-6.0346375
-1.0753326
-2.5823898
-9.922684
-20.634354
-25.058487
-25.146263
-18.339127
-7.8003235
-1.0361786
-1.2438965
-5.8895645
-23.576263
-23.78418
-26.24961
-9.340317
-6.2752304
-3.9067993
-9.250961
-17.854347
-18.161575
-23.29274
-20.87497
-11.271683
-8.195267
-0.9584503
-6.2378616
-11.640114
-14.115707
-24.726555
-24.798416
-17.266838
-10.050087
-4.5225525
-3.1858978
-8.499405
-16.758286
-27.961266
-22.619278
-16.273613
-6.8864365
0.8133087
1.449913
-5.467514
-16.915497
-27.031883
-35.59836
-19.661774
-3.0480804
3.5887146
1.1568909
2.2448044
-22.93158
-32.43344
-37.696632
-26.29628
-5.162842
3.9558563
2.3700714
1.7257233
-18.65155
-26.155365
-32.805786
-23.351158
-7.471718
2.9546738
1.2101593
-0.6883316
-20.44255
-29.666534
-41.219437
-27.484581
Done. Our total time was: 9154ms
ave frequency = 20.4282280970068
Target frequency = 20
alpha filter = 0.2
Kp = 0.2
Ki = 0.01
Kd = 0.001
--------
