0
0
0
0
53.82
107.555
107.585
106.23
101.09
59.215
51.875
46.825
34.63
18.1025
10.62
-4.0825
-12.615
-18.6675
-14.1125
-9.96
-5.915
-0.4875
2.335
1.66
5.235
-10.855
-9.36
-15.3725
-24.365
-29.285
-26.06
-25.9675
-25.505
-18.1425
-4.335
6.045
8.375
8.355
5.85
-12.6325
-33.82
-43.62
-51.625
-46.2475
-29.235
-13.5925
7.84
18.86
15.43
9.555
-0.3525
-22.4375
-35.59
-44.7625
-52.795
-50.54
-31.0275
-19.3725
10.1075
24.445
19.9875
10.5175
-5.35
-31.215
-41.97
-51.915
-47.615
-38.495
-29.2025
-6.365
6.27
19.125
21.115
12.51
-8.02
-29.2725
-40.19
-48.0475
-37.62
-44.08
-28.9875
-17.575
-2.4
7.185
5.8375
-0.37
-5.5275
-13.105
-20.775
-37.9725
-36.8175
-40.1175
-26.535
-18.71
-17.9025
-11.455
-0.3
-0.0625
-8.6425
-12.31
-16.26
-33.905
-44.725
-53.36
-47.53
-29.98
-30.84
-17.17
-15.425
-9.07
2.6375
16.04
13.66
3.465
-13.015
-15.7325
-16.66
0
0
0
0
0
0
27.4275
109.2275
107.925
107.5575
102.2025
66.895
56.2675
53.93
46.48
26.585
11.3975
-3.0875
-19.0625
-31.6675
-29.165
-17.945
-10.73
5.675
13.205
17.27
18.89
8.1075
-13.48
-25.965
-37.84
-53.485
-49.21
-34.765
-24.22
-5.7975
11.92
34.15
33.8775
23.9925
2.8
-22.035
-69.36
-83.915
-81.9525
-55.3075
-18.0575
17.3425
47.61
47.71
44.3375
11.665
-28.06
-62.1575
-87.5175
-93.085
-57.63
-35.035
-6.09
37.65
47.1425
50.475
45.065
4.295
-30.115
-70.585
-86.1775
-72.235
-53.33
-27.425
0.92
16.12
33.18
29.85
20.71
-6.04
-29.25
-53.565
-65.4025
-56.55
-43.33
-20.9
-9.635
8.2025
16.99
19.915
10.8575
-4.615
-29.4975
-37.705
-44.8175
-42.75
-47.0825
-33.5225
-19.655
-4.675
2.1325
2.51
2.4575
3.36
-9.8225
-15.935
-29.305
-32.1
-35.115
-44.44
-49.445
-36.69
0
0
0
0
0
0
53.6775
106.8775
107.37
105.5275
79.0675
55.775
47.0225
38.96
28.145
16.96
10.395
1.11
-10.1025
-16.9675
-16.6675
-16.8825
-9.9475
-9.565
2.4675
10.8575
8.7625
-1.6025
-6.5275
-17.665
-38.8975
-39.545
-33.6675
-32.335
-19.045
-5.345
6.27
2.97
5.015
0.1125
-9.895
-17.7
-25.7
-36.6775
-37.4125
-36.7425
-34.28
-19.0625
-7.8875
2.815
10.2825
11.0875
-7.8025
-11.8675
-23.05
-34.1275
-35.13
-38.13
-32.8525
-28.535
-15.945
-2.6575
4.5275
8.5125
0.605
-7.09
-17.4475
0
0
0
88.05
99.08375
59.88875
-105.51
0.78625
3.41
3.95875
3.77625
4.59625
4.67875
4.7475
4.4275
3.97375
4.26375
4.1675
4.50875
4.62875
4.265
4.6375
4.58625
4.54875
4.31125
3.94625
2.715
3.24875
1.1025
1.44375
-1.555
-2.0675
-5.17625
-6.6275
-8.49125
-10.8525
-11.1875
-18.57
-18.5075
-11.68625
-18.82
-17.93
-19.43375
-17.11375
-17.8475
-18.45
-17.315
-19.0375
-19.895
-20.16
-21.61125
-20.45125
-25.20625
-22.3025
-24.27875
-26.615
-26.8
-26.81125
-26.37375
-28.21625
-28.945
-29.905
-30.0525
-33.2075
-29.08625
-25.35375
-27.7925
-24.1475
-21.7275
-19.82625
-17.5425
-15.96625
-15.5925
-14.12375
-11.95625
-11.295
-10.60875
-9.27125
-9.1875
-8.54125
-6.79875
-6.53125
-5.84375
-5.6225
-4.23375
-3.7325
-4.11375
-2.805
-2.875
-1.365
-2.47375
-2.34875
-0.99
-1.4575
-1.1575
-0.0675
-1.9925
-4.26625
0.32875
-0.21375
2.0325
2.7925
3.73625
4.11625
4.61625
4.66875
4.765
4.59875
4.67875
4.56625
4.83625
4.75625
4.85625
4.5725
5.085
4.36125
4.54375
4.78
4.52375
4.83
4.7825
4.2725
Done. Our total time was: 14690ms
ave frequency = 7.89652825051055
Target frequency = 7.8125
alpha filter = 0.7
Kp = 0.01
Ki = 0.025
Kd = 0
--------
4.18625
0.08375
2.565
2.50625
2.505
2.42125
2.64125
2.94625
2.50125
2.68125
1.90375
2.18
2.27125
1.385
2.14625
1.33125
2.1225
-0.6925
-0.83625
-4.37875
-5.17125
-8.8425
-11.52375
-16.3325
-16.82375
-20.6225
-12.31375
-19.51
-24.2775
-18.855
-19.1675
-17.23625
-18.735
-18.91875
-19.91
-19.35625
-22.35875
-22.24
-25.53
-23.8675
-25.525
-27.69125
-27.56125
-29.43125
-28.27125
-23.3575
-20.875
-22.00875
-17.585
-15.7925
-16.33875
-13.95375
-11.76875
-12.005
-9.705
-8.78375
-6.60875
-6.70625
-4.615
-3.4375
-3.505
-1.41625
-2.7425
-1.11375
-1.12375
-0.89
-0.0875
-1.79625
-1.50375
-4.265
-4.69125
1.0075
0.55875
1.89375
1.8825
2.59
2.75125
3.315
2.39
3.075
2.04
1.73875
2.2075
1.70375
2.065
1.62625
1.71125
1.24875
0.17875
1.02625
1.63625
2.06375
1.695
1.6825
1.56
0.62375
1.21875
1.92
1.20375
1.11875
0.9925
0.83125
0.59375
-0.75375
-1.525
-3.62875
-5.7275
-2.82125
-2.78375
-7.4775
-5.08
-2.335
-6.2675
-0.83625
-1.805
-2.22875
-1.1775
1.5325
2.575
3.85625
3.735
4.0225
3.98625
4.8
4.48625
4.78625
4.6475
4.38875
4.47375
3.93
4.58625
2.81
1.98125
2.485
3.25
2.86625
1.92
2.42
3.28875
3.2675
3.69625
4.34125
4.40375
4.52
3.95
4.1625
3.71875
3.97625
3.38125
3.09625
1.2625
0.72875
-0.375
-3.02375
-3.625
-10.61
-9.255
-6.06125
-11.21125
-8.84
-13.215
-11.84625
-6.41125
-3.69125
-8.1375
-11.07875
-5.485
-3.54625
-1.68625
1.19875
0.9475
2.74
3.26125
4.13125
3.85625
3.96125
3.97875
4.1225
3.9425
3.7025
3.36625
1.335
1.55375
1.91125
1.9825
1.45
-0.765
1.20875
1.595
-0.7625
2.64375
2.375
1.69375
2.7125
0.32125
1.4125
-2.86625
-0.87625
-4.96375
-3.92125
-6.8625
-9.105
-8.92875
-12.8875
-13.74375
-20.895
-11.53
-17.87
-16.21375
-20.33875
-19.90625
-19.58125
-11.3325
-14.575
-17.55625
-14.905
-13.2425
-10.24625
-9.83375
-9.21125
-5.77375
-6.21
-3.0425
-3.1475
-0.64375
-1.46125
-0.07625
0.44875
0.485
1.6075
-4.56125
-6.83875
-2.1475
-2.8725
-4.725
-11.31875
-9.72125
-5.6075
-13.945
-9.44625
-9.61375
-9.9025
-9.265
-12.32375
-11.4475
-12.88
-14.025
-14.92625
-16.91625
-15.825
-20.13375
-18.04
-19.89
-24.42125
-25.67875
-17.655
-21.06375
-24.19
-23.1475
-27.26375
-28.60875
-23.4775
-23.5375
-25.4125
-24.32
-21.3175
-19.2225
-17.42
-16.36375
-14.19125
-15.32625
-13.6875
-12.49375
-12.07
-11.61625
-11.51875
-10.81375
-10.6875
-12.285
-13.60125
-16.325
-12.325
-8.7625
-8.7625
-5.34625
-6.0675
-3.32875
-2.55625
0.45125
0.01375
1.49625
1.4225
1.96875
2.20375
2.10125
2.7125
2.66125
3.025
2.82125
3.07
3.315
3.25375
3.52125
3.54625
3.09875
0.9625
0.2625
1.6475
2.25125
2.36
2.21125
2.3675
2.345
2.475
3.23
3.83125
4.1025
4.10875
3.89625
3.9925
3.91875
3.8375
3.8975
3.1525
3.5125
2.85
2.15625
2.5225
-0.25
-0.1675
-5.3975
-4.10875
-8.80625
-8.4075
-12.62
-12.20125
-17.2675
-16.36375
-10.025
-17.5475
-20.49375
-20.60625
-19.31375
-21.8225
-18.57375
-11.66375
-14.54375
-18.24375
-12.8525
-13.03625
-10.10625
-8.74
-6.53375
-3.90375
-1.825
-0.5675
1.8325
1.4775
3.06125
3.3225
3.5425
3.5175
3.32
3.9025
4.005
4.105
4.065
4.11375
-105.30375
0.785
3.7425
4.51125
3.94625
4.21375
4.5475
4.5275
3.95375
4.00625
4.135
3.805
4.075
3.36
3.30375
3.65125
3.22
3.25875
2.48625
2.68375
1.6975
1.92625
0.23625
0.64875
-3.16875
-2.185
-6.1525
-5.5225
-9.14125
-10.07625
-11.8175
-18.64375
-17.32875
-12.1075
-18.57
-18.5725
-20.1675
-17.8525
-17.0625
-18.345
-17.25375
-18.8375
-18.03875
-20.48375
-20.93625
-19.96375
-23.89375
-22.92
-23.87375
-25.92125
-25.48125
-25.19125
-25.4625
-26.87625
-27.04875
-29.07875
-28.01125
-31.265
-28.4825
-24.1025
-26.65125
-24.71625
-21.65125
-19.42875
-17.57375
-15.69125
-10.995
-10.7525
-10.275
-8.32875
-8.3375
-6.44625
-7.49
-5.32875
-5.81375
-3.525
-4.30625
-3.0325
-2.945
-2.88375
-1.39125
-2.18875
-1.93125
-1.085
-1.8425
-1.2575
-0.30125
-3.41125
-4.32
0.39625
-0.18
1.39625
2.78625
2.65
3.77125
4.14125
4.10875
4.19875
4.38125
4.31375
3.93125
4.05625
4.6125
4.97375
4.4725
4.43875
4.75375
4.595
4.8125
4.54
4.29
4.39
4.1375
Done. Our total time was: 14691ms
ave frequency = 7.69178408549452
Target frequency = 7.8125
alpha filter = 0.7
Kp = 0.01
Ki = 0.025
Kd = 0
--------
3.71375
0.175
2.69375
2.45625
3.00625
2.69875
3.25
2.58125
2.2375
2.405
2.1775
2.08375
1.82625
0.71125
1.35
0.20375
0.32625
-2.2275
-1.86
-6.03375
-5.91875
-10.465
-11.1625
-15.4625
-16.5075
-20.4675
-12.24125
-19.99375
-23.78625
-17.48125
-19.785
-17.24125
-18.50375
-18.01
-19.2225
-18.8725
-22.065
-20.95
-23.7825
-23.3725
-23.4725
-26.7975
-26.99375
-29.73375
-26.6525
-21.81125
-21.145
-21.6775
-18.87625
-18.38125
-16.4425
-14.7025
-15.12125
-12.55125
-9.425
-9.20875
-7.21625
-7.01125
-5.845
-4.48375
-5.09
-2.655
-3.69125
-1.435
-2.2975
-1.615
-0.40625
-2.335
-1.72625
-4.5775
-5.83375
-0.06625
-0.49625
0.78625
1.31375
1.6825
1.9475
2.53375
2.2975
2.2275
2.5875
3.04375
2.83
2.95125
2.83
2.84625
2.65875
2.38125
0.32625
0.8475
1.96125
2.60625
2.51625
2.4
3.12875
2.80125
2.91125
2.48875
2.3775
2.07625
1.90375
1.73875
1.3875
-0.45
-0.33875
-3.77
-5.36875
-3.975
-2.14125
-8.0075
-5.91375
-3.2525
-6.6475
-1.7925
-1.6175
-2.99125
-1.30375
1.11875
2.19875
3.3975
3.53125
3.79
3.825
4.15375
4.11375
4.78625
4.2225
4.29
4.505
4.58125
4.225
3.58875
2.38625
2.28375
3.2025
3.27625
2.46875
1.955
2.85125
2.875
3.48125
3.91375
3.85875
4.09625
4.02625
4.09875
3.525
3.83
2.53125
3.0675
0.82375
1.7375
-0.80625
-1.16
-3.66
-8.735
-11.17
-4.985
-11.895
-9.70625
-12.29875
-12.45375
-8.36875
-3.8975
-8.47625
-11.39875
-4.82375
-4.285
-2.01875
0.16625
-105.9475
1.73625
3.5125
4.01125
4.25125
4.9425
4.56625
2.08875
-10.1425
-24.8425
-28.3625
-26.1375
-25.21
-24.3725
-22.76625
-25.5075
-24.745
-25.85875
-25.1325
-24.49375
-26.025
-25.385
-26.10125
-25.0375
-26.82875
-25.045
-27.1575
-25.315
-25.8
-30.29
-30.19625
-34.81375
-29.9625
-21.93875
-22.03125
-23.615
-27.115
-23.4125
-25.6475
-26.745
-25.41
-25.88375
-25.8825
-25.9275
-27.2
-25.96125
-28.64
-26.51125
-26.8725
-27.1925
-25.70375
-26.645
-26.11625
-27.67625
-27.14125
-27.705
-27.7725
-30.185
-28.78
-21.595
-22.4025
-21.40125
-20.2825
-19.10125
-19.88625
-21.0225
-21.955
-21.4875
-20.9375
-21.48625
-23.26125
-21.08625
-22.64875
-22.1
-21.82125
-22.02625
-22.575
-22.00125
-22.50125
-22.09625
-23.18625
-22.91
-23.01125
-22.70875
-22.05125
-23.3975
-22.43125
-24.11875
-28.12625
-27.3675
-28.31
-32.83125
-22.78875
-19.4525
-17.91375
-20.0225
-20.6825
-22.82625
-24.6925
-23.70375
-23.70875
-22.22
-23.38875
-22.29
-23.1325
-21.9975
-23.88
-23.9375
-24.46125
-23.5925
-24.76
-23.53875
-24.4625
-25.30375
-24.22125
-25.51125
Done. Our total time was: 14701ms
ave frequency = 7.89061968573566
Target frequency = 7.8125
alpha filter = 0.7
Kp = 0.01
Ki = 0.025
Kd = 0
--------
-23.8275
0.28625
2.8625
2.6375
1.58875
-10.49625
-24.05125
-25.7325
-25.1475
-22.63
-25.34875
-24.1225
-24.795
-26.81125
-24.92125
-27.09625
-23.97125
-26.82875
-25.32625
-27.08875
-25.47
-27.625
-25.69375
-29.14875
-27.56
-30.5575
-22.34125
-23.58625
-26.75
-23.59875
-25.17625
-22.50875
-24.55375
-25.965
-27.575
-25.1675
-28.2525
-26.18
-28.99
-25.65
-26.26875
-27.085
-28.135
-29.97375
-30.635
-23.49625
-19.53875
-21.48125
-19.56
-20.92375
-22.0625
-22.27
-23.03
-22.9
-23.83625
-23.08625
-22.36
-22.295
-22.06625
-22.26375
-24.02
-22.425
-23.6925
-24.40625
-22.92125
-23.655
-21.4975
-23.36125
-24.66
-29.98375
-30.94
-18.80875
-15.77
-17.1225
-19.6625
-22.29875
-26.33375
-26.315
-25.52375
-23.19875
-21.71875
-20.7575
-22.51
-22.345
-25.47875
-26.39875
-25.15375
-25.6325
-30.4025
-28.94375
-20.035
-15.74875
-21.88875
-29.4675
-31.215
-31.42375
-26.53375
-24.9575
-23.27
-26.24125
-24.5925
-27.24375
-26.625
-28.15625
-27.735
-27.955
-30.33625
-26.675
-22.7875
-26.09625
-24.01
-23.2975
-27.94125
-20.42125
-22.13125
-24.94125
-24.3825
-23.5975
-22.61125
-22.80875
-25.0825
-24.87875
-25.6475
-22.41625
-23.145
-22.1225
-23.15625
-23.43375
-24.635
-23.89
-24.11125
-25.6225
-31.05375
-28.30625
-22.53875
-21.88625
-25.01
-26.3875
-20.66875
-23.18625
-29.3775
-31.07875
-26.09875
-23.6875
-23.01375
-23.8725
-27.30625
-27.23125
-29.74125
-25.0075
-27.05125
-24.38125
-26.1575
-25.08625
-24.82875
-30.925
-30.70875
-22.755
-25.57375
-24.6925
-28.84875
-26.4625
-23.8925
-18.77125
-20.00625
-26.1775
-24.055
-26.20375
-24.32625
-24.01625
-22.58625
-21.99
-22.385
-23.66375
-24.3075
-24.33
-23.2975
-24.04625
-22.16375
-25.05375
-24.61
-29.67375
-29.19125
-25.14125
-22.21375
-21.57375
-29.11625
-26.87125
-23.65125
-30.02875
-24.545
-24.91
-23.98625
-23.6875
-27.10875
-24.7325
-28.62375
-25.92625
-27.9575
-25.73375
-26.16375
-25.35375
-25.33
-28.9375
-27.7725
-33.47375
-23.86625
-22.1075
-23.37875
-26.37375
-28.9925
-29.74125
-20.26125
-20.4525
-20.81125
-25.065
-24.3075
-23.71375
-24.65375
-22.99
-24.10875
-22.82625
-23.395
-23.25875
-24.29625
-23.7925
-24.47125
-21.84125
-24.81375
-23.3725
-25.21625
-30.8725
-28.4325
-25.025
-22.88125
-27.69625
-28.3475
-20.91875
-24.81875
-26.575
-26.90625
-25.5875
-23.86
-26.2725
-25.71625
-27.4575
-25.79875
-26.54
-26.56375
-26.205
-27.87625
-25.015
-27.07625
-29.1075
-30.69625
-24.43875
-21.07875
-26.17625
-28.56125
-32.24125
-30.63875
-26.4075
-22.4025
-19.99
-21.8
-20.4125
-21.24625
-23.3525
-23.7875
-23.64625
-24.9475
-23.11625
-23.57875
-21.70625
-24.95
-23.18
-25.04375
-23.695
-26.2675
-26.77125
-34.235
-29.6575
-16.025
-14.9175
-16.185
-20.38
-24.5925
-26.18
-23.3375
-23.96
-23.1875
-22.32875
-21.74
-22.19125
-23.97125
-22.53125
-23.8725
-23.245
-23.49625
-24.1475
-23.32375
-23.23625
-22.68
-22.285
-24.72625
-28.84
-33.23
-26.485
-18.8975
-18.03
-21.815
-24.7575
-27.02125
-23.13875
-28.9775
-30.3075
-24.99875
-24.07625
-27.0775
-24.69125
-28.69
-27.94875
-25.9125
-27.735
-24.2
-27.26125
-27.26125
-27.105
-28.68375
-26.2475
-28.32875
-26.0325
-28.13625
-25.9275
-27.5325
-25.29125
-28.625
-30.72625
-21.155
-23.90625
-29.84875
-28.97125
-27.09
-25.46375
-24.04
-17.48875
-18.21375
-24.39
-25.77
-26.535
-23.98125
-24.22875
-20.28125
-22.30875
-20.50125
-22.81125
-21.84625
-24.56125
-23.66
-24.51625
-24.65625
-23.66625
-24.2975
-21.3575
-21.1275
-22.88875
-21.16625
-23.0975
-23.83125
-23.83
-33.8225
-30.63
-24.175
-18.8825
-22.7375
-26.65
-31.24875
-24.24
-22.2125
-28.175
-27.6375
-26.24875
-27.5225
-26.66125
-24.85875
-27.79875
-24.3825
-25.46875
-27.1225
-26.9925
-30.1775
-25.99125
-27.99
-23.93125
-28.97
-26.16
-29.52875
-27.6825
-27.6225
-27.7925
-26.07
-32.50375
-23.98375
-22.71875
-26.5775
-27.415
-26.12875
-29.46875
-31.3075
-25.28125
-20.66875
-17.4425
-21.0475
-21.84875
-20.79375
-23.6
-22.91625
-22.81125
-22.88375
-23.4925
-23.53875
-21.5625
-23.065
-22.02375
-23.98375
-23.16
-23.745
-25.61875
-22.76125
-23.43625
-22.61625
-21.9275
-24.87
-26.5825
Done. Our total time was: 55187ms
ave frequency = 7.86417090981572
Target frequency = 7.8125
alpha filter = 0.7
Kp = 0.01
Ki = 0.025
Kd = 0
--------
-100.9025
1.34625
0.8425
0.55375
-0.105
0.40375
0.0775
-3.71625
-15.10375
-47.22
-47.4525
-31.75875
-12.69
-11.12625
-16.06625
-37.72125
-43.2675
-37.22375
-28.46625
-16.61875
-14.02875
-26.83375
-22.7575
-27.0775
-26.76375
-24.45125
-18.57375
-19.00625
-22.66375
-27.8275
-28.00375
-27.145
-19.73375
-19.6325
-19.1225
-25.49625
-26.455
-27.845
-23.42125
-18.685
-25.34625
-35.31125
-36.43
-30.1325
-13.20125
-16.33125
-16.18625
-31.47875
-35.55125
-34.98125
-24.26125
-11.4625
-20.72
-27.38625
-38.39375
-33.98625
-24.91125
-15.42125
-16.06375
-29.09875
-32.8825
-41.105
-31.88
-26.605
-16.51
-7.03
-10.55
-30.51625
-42.78125
-33.83625
-24.86875
-15.49625
-12.33625
-16.21375
-22.73375
-31.05125
-30.11625
-28.23625
-22.54625
-16.7
-17.66125
-22.3525
-28.24375
-28.5
-35.84375
-32.12375
-24.02625
-18.70125
-20.4125
-31.94875
-27.19125
-26.775
-22.71
-20.99
-29.24875
-27.6725
-32.70375
-24.495
-22.395
-20.06375
-25.51125
-33.115
-30.885
-30.8
-18.63125
-28.50875
-31.585
-33.0775
-28.33375
-9.425
-11.33375
-18.76625
-28.73
-33.19375
-28.69125
-24.3475
-20.60875
-17.35125
-19.21875
-24.5325
-28.92
-26.815
-25.47875
-20.955
-18.9775
-21.81375
-20.17125
-34.47375
-32.64375
-33.31375
-29.685
-22.81875
-24.04875
-16.465
-20.4975
-28.1025
-33.13125
-34.23875
-27.99875
-19.6125
-16.045
-24.73125
-32.58625
-32.13875
-33.33125
-21.21625
-19.73875
-24.89375
-33.8375
-34.9075
-34.07
-25.935
-12.62625
-10.92
-16.125
-21.06
-27.965
-30.90875
-28.35125
-26.03625
-17.12375
-20.575
-20.1775
-25.11875
-25.76875
-28.47875
-26.81
-30.55875
-32.0625
-13.83
-11.6
-15.475
-19.10375
-25.1625
-28.0575
-26.5675
-22.4825
-20.7025
-19.66375
-21.5975
-21.63125
-24.3325
-23.75375
-24.64125
-22.79375
-21.7625
-22.74125
-21.88375
-24.34
-23.42125
-22.74125
-24.56625
-25.73625
-32.94125
-29.73125
-23.225
-14.1975
-26.53
-33.715
-35.24375
-14.54875
-17.52375
-29.40125
-35.71125
-32.65875
-31.5925
-22.99875
-19.0625
-25.265
-26.66375
-32.5025
-32.1725
-24.1975
-25.80125
-23.30875
-28.39125
-26.97375
-32.7825
-28.77
-27.465
-23.19125
-26.35625
-23.38375
-29.375
-30.21875
-22.42375
-20.46375
-25.645
-29.75
-24.90625
-28.24125
-24.7825
-16.9725
-16.64125
-17.96
-100.08
1.02875
0.12125
-0.14
0.0175
0.0725
0.43
-0.75875
-9.665
-36.0225
-43.01875
-36.995
-19.21375
-13.305
-14.7975
-32.12375
-41.40875
-33.6925
-31.7675
-21.385
-17.53875
-10.8125
-17.6825
-24.61375
-30.6775
-31.4375
-25.3175
-19.62625
-17.38
-20.25875
-23.2575
-27.33
-26.12375
-23.31625
-20.83875
-19.02
-33.76875
-41.295
-34.22625
-16.37375
-10.96875
-15.1275
-32.68
-38.65625
-37.4125
-22.39875
-13.715
-17.3825
-31.0175
-33.785
-34.2925
-25.43375
-19.2
-13.8225
-31.5325
-38.35625
-39.8525
-17.02
-10.0825
-13.7925
-18.98625
-28.16875
-32.97375
-29.07875
-25.2625
-17.04125
-16.76
-18.86
-27.0775
-28.8225
-26.7875
-23.4275
-33.2825
-34.12
-26.47125
-19.14
-14.9375
-23.7025
-29.46125
-36.8125
-29.5125
-26.3
-14.17
-22.22
-27.24125
-36.6375
-31.03
-26.12
-18.1225
-20.74625
-31.1875
-33.72375
-36.6975
-17.8475
-14.15875
-15.73875
-20.1975
-27.4775
-29.84375
-26.57125
-24.6025
-20.3975
-21.1025
-19.25625
-23.64875
-25.5425
-27.5025
-25.09375
-32.305
-34.84125
-28.42625
-20.80375
-13.3475
-19.9575
-28.12875
-37.98375
-31.11375
-28.38875
-19.52125
-20.5925
-25.19625
-28.88125
-32.96875
-28.115
-25.49375
-23.155
-30.2175
-30.38125
-35.875
-22.97375
-13.6875
-14.1225
-17.8575
-24.04375
-26.78125
-28.98125
-25.365
-23.5625
-20.25875
-22.11125
-23.32375
-25.255
-25.66875
-27.49875
-26.05875
-32.2
-32.24875
-15.9975
-13.22125
-14.415
-17.80125
-21.6975
-26.90875
-25.7175
-24.0675
-21.68125
-20.5825
-21.3675
-22.4475
-23.37375
-22.55875
-23.775
-22.5725
-22.745
-23.7725
-23.01625
-23.06
-22.61625
-22.92
-24.97125
-27.48375
-33.01875
-30.6375
-23.42
-11.0425
-25.64375
-32.56875
-33.6725
-20.21625
-20.99625
-27.19875
-28.86125
-30.85875
-32.23
-26.53
-23.9375
-24.165
-23.8
-29.40625
-28.69125
-27.8825
-28.685
-25.49125
-26.56
-24.5825
-29.1475
-25.87875
-30.43625
-27.66125
-30.77
-25.7375
-28.855
-28.17
-21.02
-24.03375
-25.5975
-26.41125
-23.78125
-26.83375
-23.74875
-16.81875
-16.38875
-20.3375
-21.8575
-25.9925
-25.7525
-25.82875
-21.27625
-20.49125
-18.99
-21.64625
-23.25875
-26.59875
-24.73
-23.24625
-21.29
-21.61125
-23.32375
-22.7125
-25.50625
-23.56
-19.76375
-21.10875
-20.85125
-26.41625
-33.4425
-31.82875
-26.66375
-21.07375
-26.38
-30.225
-31.375
-18.9175
-22.0775
-24.91375
-32.09125
-31.36125
-30.495
-25.1275
-21.93625
-25.32125
-25.87
-30.05375
-30.35125
-25.66
-27.5475
-24.07375
-28.17875
-24.87875
-31.0425
-26.86875
-29.0425
-26.52375
-26.8125
-27.7025
-28.1675
-30.76125
-20.34375
-25.97
-21.97125
-26.8175
-27.2525
-31.99125
-30.095
-20.70125
-11.6875
-17.16625
-18.3125
-22.48
-24.93875
-25.5075
-24.445
-21.63375
-21.35375
-20.46
-20.98375
-24.34125
-25.3175
-24.2
-23.99375
-19.8125
-22.395
-21.9375
-24.02125
-25.32625
-23.615
-25.29625
-25.63875
-29.83375
Done. Our total time was: 37966ms
ave frequency = 7.87546752357372
Target frequency = 7.8125
alpha filter = 0.7
Kp = 0.01
Ki = 0.025
Kd = 0
--------
-100.515
0.69625
-0.39625
-0.25625
1.02
0.00625
-0.365
-4.59125
-11.3125
-39.455
-42.25625
-37.37375
-17.94375
-12.66
-14.04125
-31.30625
-39.54
-35.11875
-31.805
-20.5575
-17.715
-10.5575
-14.7375
-25.86375
-33.7125
-33.93125
-26.85375
-18.97
-16.6325
-18.0425
-21.455
-27.6775
-28.285
-27.26
-24.07125
-20.005
-31.12
-36.9175
-33.86
-20.365
-13.53
-12.2525
-23.5875
-35.58125
-37.99125
-28.93125
-17.80625
-14.2725
-24.34
-32.71375
-34.8725
-29.8725
-23.18375
-12.98625
-25.715
-33.2375
-38.31875
-20.56375
-12.6325
-16.1
-21.9
-28.68125
-30.25875
-27.845
-24.415
-19.80125
-19.92
-20.99625
-24.7725
-26.52875
-25.775
-25.36
-31.58125
-34.21625
-27.2375
-23.5525
-12.5025
-20.42125
-27.3375
-35.0775
-31.9675
-27.0225
-15.83
-20.1625
-25.10125
-34.1075
-34.04375
-26.1975
-15.3875
-18.95625
-31.14375
-37.035
-38.03
-26.9375
-15.7
-12.7325
-14.215
-20.2875
-28.3575
-29.7625
-29.81375
-26.6175
-21.07875
-16.3225
-20.97625
-24.875
-27.35875
-28.09125
-28.0225
-34.5075
-28.93
-25.5575
-16.7875
-20.34625
-22.4425
-32.9425
-30.44125
-29.335
-17.57375
-26.135
-23.87125
-29.51625
-29.3025
-27.465
-27.12125
-20.65125
-24.07
-33.72375
-37.67625
-31.70875
-21.57125
-13.3575
-13.13625
-15.58
-23.95375
-27.5475
-28.6275
-28.20125
-22.935
-22.475
-20.9525
-23.88375
-24.6775
-26.09625
-25.3
-29.555
-33.20625
-19.79125
-16.09375
-16.24375
-17.77125
-21.8775
-22.67875
-23.88875
-23.70875
-23.80625
-22.2175
-22.54
-21.19625
-23.2025
-22.82375
-23.735
-23.345
-22.6625
-23.305
-22.28625
-23.24625
-23.9225
-22.96375
-23.91625
-23.9
-31.5
-30.76
-26.7575
-22.13625
-23.96
-24.155
-30.28875
-20.44875
-21.9925
-32.32375
-31.9
-27.7925
-27.10375
-24.42625
-22.75
-28.10375
-26.5425
-28.43375
-28.27625
-24.8475
-27.19
-24.6675
-29.57625
-26.49875
-27.72375
-26.74625
-27.8
-24.1025
-27.99125
-26.0175
-29.3925
-30.3175
-25.56875
-21.75125
-22.605
-99.7675
0.9
2.59125
3.705
3.99625
3.6975
1.865
-9.3925
-36.5975
-42.24875
-37.36375
-22.86375
-17.935
-21.08375
-23.16375
-30.5425
-28.7225
-31.07125
-26.5275
-26.08
-23.25125
-28.27375
-27.25625
-29.91625
-24.97625
-27.81875
-22.57125
-23.1525
-21.3225
-25.5475
-24.32
-27.9325
-25.075
-27.205
-27.8325
-23.48
-27.225
-26.22375
-25.78
-34.46375
-26.99625
-20.41125
-14.7025
-16.67375
-18.795
-22.295
-24.35875
-24.44125
-24.86625
-23.365
-22.5025
-22.2225
-22.5525
-21.23375
-21.17375
-24.535
-24.39625
-24.64375
-23.99125
-22.13625
-24.3
-26.38625
-24.0275
-18.41
-19.65875
-20.88875
-25.0275
-26.17625
-25.69625
-23.6475
-23.4
-23.0875
-24.6125
-24.14
-25.5125
-25.52875
-26.34125
-29.15125
-31.0675
-25.52375
-17.5975
-16.52375
-23.39375
-31.53125
-31.31875
-32.29
-26.42875
-21.855
-23.585
-23.73375
-29.28875
-28.33625
-29.25375
-27.9875
-26.105
-25.46
-25.0975
-28.06125
-27.26
-28.5575
-27.23
-27.6
-28.0225
-26.515
-24.60125
-22.1925
-22.86625
-25.77625
-26.85375
-26.6775
-27.71875
-26.49
-26.83
-24.33375
-25.4875
-27.53125
-28.83625
-29.49875
-24.18
-19.50625
-16.61625
-17.60125
-21.63
-21.44625
-24.87375
-23.9675
-24.82625
-22.85
-23.5575
-20.3975
-22.755
-21.445
-23.8575
-24.90625
-23.06
-24.8375
-23.165
-23.79625
-25.82375
-23.815
-18.98
-19.8325
-21.39125
-25.105
-24.39
-26.075
-23.71
-23.8
-21.78
-23.46125
-24.49625
-26.92375
-26.99125
-26.415
-25.24125
-30.33625
-27.77
-20.39625
-15.02625
-20.115
-26.6175
-29.88
-30.785
-26.42125
-24.35375
-22.71875
-25.37875
-25.965
-28.02875
-28.265
-27.6725
-27.02625
-23.93875
-30.73
-25.83375
-25.33375
-24.0525
-20.2775
-19.44875
-23.1175
-25.89
-28.1675
-26.54875
-24.91625
-20.93625
-21.17875
-21.685
-24.185
-26.0325
-25.85125
-25.58
-25.785
-28.00875
-27.83375
-24.98375
-26.29625
-22.66
-24.85625
-25.7175
-27.7975
-27.00125
-25.43375
-25.94
-25.45125
-26.30375
-26.2175
-25.3075
-27.57875
-23.985
-25.87375
-29.6275
-29.27
-26.68375
-28.0025
-20.9125
-18.33375
-19.105
-23.42375
-26.35625
-27.22375
-27.19625
-23.3425
-22.29875
-21.335
-23.37625
-24.5
-24.89125
-24.325
-25.96
-29.76375
-28.7075
-26.42375
-25.4475
-24.20875
-24.42625
-23.24875
-27.7125
-25.185
-28.5425
-24.935
-26.85625
-24.235
-26.72625
-26.01375
-26.33125
-27.5775
-24.27125
-30.11375
-32.2825
-28.0075
-27.13875
-21.41625
-16.4525
-19.825
-21.6525
-25.0775
-28.08
-26.4925
-24.30625
-20.89
-21.90125
-22.54125
-25.4225
-24.53625
-25.085
-27.73875
-26.96875
-28.8175
-26.54125
-29.615
-24.39875
-24.94625
-22.10375
-26.8575
-24.09125
-27.53625
-25.4525
-27.88875
-26.78875
-25.75875
-27.82375
-26.02625
-26.25125
-31.20375
-30.54
-22.325
-22.4
-20.68
-25.8775
-24.21375
-21.91625
-21.59875
-22.225
-20.74375
-24.0475
-23.615
-24.3725
-24.00875
-25.0875
-23.1425
-23.805
-24.4875
-26.15875
-23.63
-19.09875
-20.48875
-24.2675
-27.03625
-26.94625
-25.39625
-28.49375
-25.5275
-27.475
-23.46125
-25.3775
-25.7025
-26.54125
-27.34125
-26.30875
-27.86
-29.20375
-23.92625
-20.86625
-20.2075
-17.7275
-18.91375
-24.62375
-25.255
-27.26625
-26.05625
-23.73125
-23.12875
-22.435
-22.615
-23.4575
-22.77125
-25.02
-24.89
-26.415
-22.45375
-21.655
-22.6
-26.47125
-23.71125
-26.07
-27.1075
-27.09
-28.87125
-25.395
-25.69625
-23.76625
-26.5475
-25.585
-25.0575
-27.6125
-27.16
-26.595
-23.40625
-23.51875
-20.66
-18.6825
-21.3275
-23.19625
-27.2025
-25.79625
-25.7125
-22.85375
-22.6625
-21.19375
-23.78125
-23.39125
-24.4525
-24.46375
-26.245
-23.69625
-21.73
-20.7425
-24.64375
-25.615
-24.70375
-29.68125
-27.8175
-28.72625
-25.8925
-24.61875
-24.51
-25.7275
-26.57625
-28.73125
-24.58
-25.5175
-26.905
-27.0325
-20.78875
-24.82875
-24.1825
-20.745
-19.68
-21.93375
-22.4275
-23.58375
-26.32875
-25.19125
-24.22875
-22.02125
-22.8675
-24.38125
-25.30625
-25.9325
-24.37875
-24.6825
-29.10625
-28.7075
-23.965
-17.41625
-20.955
-24.5675
-28.5875
-30.71875
-27.7475
-26.17375
-22.7575
-25.46125
-24.99625
-27.89875
-27.16125
-28.12
-28.65875
-25.76125
-30.0425
-27.655
-27.575
-17.75125
-20.53
-20.60375
-24.4025
-25.63625
-26.645
-25.22
-24.02
-23.2325
-21.6875
-22.1875
-23.84
-23.7775
-24.6875
-22.68375
-30.81875
-29.3375
-25.68125
-26.25375
-23.58375
-26.5525
-23.98625
-27.51875
-25.9775
-28.1975
-26.8725
-27.4575
-24.055
-25.91375
-24.87375
-26.02375
-25.32
-26.5425
-33.31875
-29.96625
-27.365
-20.66875
-19.62
-18.59125
-23.07
-25.7975
-26.19875
-25.7075
-23.615
-23.3375
-22.24375
-22.16
-21.71375
-24.08
-26.16375
-28.39125
-30.18875
-25.2025
-24.59375
-25.19625
-27.3125
-24.4925
-25.82
-26.7375
-26.75
-26.92625
-24.47375
-25.9025
-27.0825
-26.49375
-27.82625
-24.00875
-25.31375
-26.80375
-31.95875
-33.075
-28.5575
-23.4575
-18.255
-18.81375
-19.2125
-22.46125
-26.04
-26.01125
-26.625
-24.48875
-23.735
-21.56
-23.65
-23.36
-23.30875
-28.32625
-27.905
-30.1425
-28.5625
-27.42
-26.1325
-21.4625
-24.025
-25.27
-26.5525
-25.70375
-27.73875
-25.56375
-27.64875
-27.00625
-26.03
-27.54125
-29.48875
-30.58375
-25.43875
Done. Our total time was: 68297ms
ave frequency = 7.87735918122319
Target frequency = 7.8125
alpha filter = 0.7
Kp = 0.01
Ki = 0.025
Kd = 0
--------
-23.74
-1.60125
2.25
3.265
2.32125
-6.83125
-26.03375
-109.17125
-0.14
0.01625
-0.275
-0.18375
-0.125
0.4425
-1.34
-7.89375
-34.1825
-37.315
-32.46375
-27.6875
-22.615
-22.93375
-26.34625
-30.3225
-31.12375
-29.77875
-22.19
-19.35625
-23.28875
-23.63625
-27.07625
-31.07875
-27.26375
-27.1575
-23.07375
-23.84125
-24.54375
-25.47875
-27.60875
-26.7075
-27.29125
-27.3125
-25.2
-27.53375
-24.8875
-27.65625
-28.34375
-24.6725
-30.44125
-25.36875
-20.4675
-17.76875
-19.35125
-21.59875
-23.07375
-23.88625
-23.79125
-22.33875
-24.24625
-23.48125
-23.7375
-22.745
-24.0325
-23.46875
-24.11
-23.825
-22.00125
-22.765
-22.38
-24.04875
-22.72
-23.15375
-23.52875
-22.81125
-21.48125
-20.9525
-23.71625
-24.5575
-23.2525
-22.6925
-20.1975
-22.57875
-24.09625
-23.5775
-25.90125
-24.2075
-24.1475
-23.455
-23.79125
-29.98875
-28.11625
-21.06125
-13.06
-21.0675
-28.69625
-31.7775
-31.43625
-27.795
-26.01
-24.62
-26.31375
-27.825
-27.00875
-27.69875
-28.23625
-29.3775
-29.70125
-28.7025
-21.8425
-22.57875
-25.48375
-24.08
-26.16625
-28.8675
-25.7275
-29.11375
-25.15125
-25.87875
-24.72625
-25.5125
-27.5725
-25.51375
-26.1875
-26.79625
-25.28625
-28.4275
-24.71125
-26.21
-28.06125
-25.2325
-29.7175
-25.95625
-21.58
-18.49
-18.3625
-21.65
-21.40375
-23.19625
-25.11
-23.1025
-23.0975
-20.53875
-21.79375
-21.23
-23.865
-23.3575
-24.875
-24.6125
-21.97875
-21.8075
-21.5275
-24.58
-23.42125
-23.2225
-22.48125
-22.825
-23.26125
-23.06375
-23.4825
-22.0525
-23.02875
-24.5175
-24.40625
-24.2975
-23.8725
-21.795
-24.99625
-23.585
-22.3475
-25.89375
-26.73875
-33.09125
-26.2125
-18.4725
-13.51
-20.26125
-33.73375
-33.79
-28.3475
-26.94875
-22.21375
-22.24625
-26.4325
-25.29875
-28.96
-28.70125
-27.98875
-26.53625
-22.9425
-25.90625
-26.13
-27.37
-26.72375
-28.1725
-27.3
-27.63125
-24.555
-27.45125
-22.81125
-29.62
-27.89375
-28.52375
-23.26625
-21.635
-21.3625
-21.49
-23.3575
-22.89625
-22.78
-23.67
-23.65
-23.16625
-22.45375
-23.87875
-22.48
-23.495
-21.655
-21.5125
-24.0025
-24.185
-24.17
-24.47
-21.69125
-24.65625
-26.07625
-23.55125
-27.11375
-28.02125
-27.2
-30.89125
-24.0025
-22.315
-23.9825
-25.37875
-27.76875
-30.115
-26.81875
-25.745
-26.43875
-25.2775
-29.145
-26.4425
-27.555
-28.0075
-26.72
-27.18625
-25.145
-27.0225
-27.655
-25.81125
-25.48125
-23.57875
-26.42
-24.14
-28.4125
-30.71
-31.0575
-23.98
-22.45375
-20.40625
-21.11625
-21.9275
-23.6825
-25.1575
-25.2725
-23.4775
-21.97625
-21.075
-22.8325
-20.82125
-22.07125
-22.86875
-23.7325
-24.61125
-22.68
-23.085
-23.1125
-22.79
-26.49625
-25.715
-24.465
-27.9
-29.54625
-28.4925
-28.52625
-23.88875
-24.56875
-23.58625
-21.93125
-26.705
-28.3325
-29.6275
-29.19125
-23.68375
-25.06375
-26.94875
-29.13625
-28.07625
-25.955
-27.0175
-25.85875
-26.7175
-24.91875
-24.685
-27.63
-25.11875
-27.685
-26.3775
-25.89
-27.4475
-32.93875
-29.40625
-22.375
-19.7225
-20.9525
-19.7325
-22.79875
-24.0325
-23.95375
-23.9825
-24.7025
-24.445
-23.38625
-24.1175
-22.9675
-23.63875
-22.7925
-21.52625
-23.1
-23.1525
-23.55
-24.73
-24.325
-25.99875
-25.72875
-22.445
-29.1875
-29.26375
-23.4175
-18.1275
-20.255
-22.45375
-30.28875
-32.92875
-26.1075
-24.7575
-24.6775
-25.0575
-30.58625
-25.705
-27.9525
-25.82125
-26.07625
-23.7575
-24.9075
-27.185
-29.51375
-26.45625
-27.9875
-25.1225
-25.7125
-25.89
-27.03375
-29.64125
-24.41
-23.00875
-18.54875
-17.20625
-20.02875
-23.8525
-25.15
-25.26125
-25.43875
-24.21875
-23.8425
-23.82125
-23.13375
-22.68625
-21.54
-21.7675
-20.7925
-23.5775
-23.985
-24.7725
-24.96125
-22.04125
-23.17625
-25.3325
-23.26
-26.4625
-27.115
-21.5775
-16.14875
-20.68375
-28.06625
-28.65375
-27.73125
-30.21625
-25.66625
-23.59625
-26.5275
-24.0025
-27.1975
-28.9175
-29.1275
-29.9875
-26.25125
-28.4175
-23.88625
-26.51375
-24.2675
-27.9525
-25.30625
-26.10625
-25.1275
-26.2625
-31.72
-25.12625
-22.3325
-21.165
-19.0775
-20.335
-21.74375
-24.8025
-23.485
-24.72
-24.47
-23.4975
-21.6725
-22.83375
-23.0175
-22.58375
-21.99
-21.46875
-23.88
-23.3325
-23.815
-24.395
-23.41625
-24.1925
-23.1325
-22.54875
-24.0675
-26.17125
-24.40875
-21.2775
-20.52125
-25.04875
-26.7425
-27.75375
-29.885
-27.5775
-23.5775
-24.62125
-24.61125
-27.4375
-30.305
-26.99125
-27.295
-24.33
-26.585
-27.305
-25.10875
-28.00375
-25.8175
-28.53
-25.095
-27.705
-25.64625
-26.875
-29.52
-22.28
-24.89625
-19.92625
-19.92
-21.09
-22.2975
-23.6775
-24.28625
-24.91875
-24.1025
-21.23
-22.895
-21.96875
-23.3425
-22.45375
-24.395
-23.59125
-24.2275
-23.6325
-22.6725
-24.1875
-24.28625
-23.66875
-25.475
-23.8725
-22.87375
-24.9075
-27.90875
-32.0125
-29.57125
-18.685
-11.85875
-19.11625
-30.6825
-33.8675
-32.4175
-29.115
-21.54375
-19.61
-25.3825
-26.1175
-31.07
-30.0225
-26.74
-26.26125
-22.1425
-26.265
-26.9175
-29.16625
-26.46625
-27.64875
-26.67125
-27.88875
-24.1025
-28.60875
-24.63
-28.3825
-30.65875
-23.645
-24.175
-20.6425
-22.26125
-20.39
-22.5275
-22.96625
-24.7725
-23.6825
-23.88625
-21.37125
-22.34375
-23.66125
-23.2275
-23.1875
-22.00375
-23.8625
-24.6175
-24.5375
-24.6025
-23.1575
-22.53375
-24.7375
-23.32375
-28.565
-28.47125
-26.85875
-30.69875
-26.10125
-23.96
-24.09875
-22.66875
-26.965
-29.0425
-27.215
-28.61625
-27.235
-26.19625
-26.97375
-24.13625
-29.1975
-27.82
-29.37875
-25.1675
-25.505
-25.3275
-26.04625
-22.93625
-27.335
-27.12875
-27.32875
-27.59
-29.865
-32.47375
-26.19875
-21.52375
-18.655
-19.3175
-20.975
-22.9375
-24.26125
-26.0675
-25.87
-25.26
-21.52125
-21.17625
-19.99
-22.63125
-22.525
-22.6925
-24.96625
-23.17625
-23.9
-24.79625
-23.26375
-24.225
-24.32
-24.2975
-30.07625
-26.585
-31.40875
-28.2825
-24.67125
-25.2225
-21.6525
-23.0875
-28.89
-27.6725
-30.265
-25.94
-22.9625
-27.8725
-26.88625
-28.7825
-26.51625
-26.18125
-25.9075
-27.43125
-24.445
-26.71875
-25.47625
-27.10375
-26.4825
-26.52625
-26.5425
-29.3425
-33.995
-28.73
-24.86375
-20.00125
-18.48375
-18.08
-21.495
-22.805
-25.0275
-25.3075
-23.85125
-24.535
-23.105
-22.68375
-23.02
-23.055
-26.09875
-23.31125
-23.37125
-21.99375
-21.6625
-25.9
-25.965
-26.7275
-25.51
-21.4375
-28.04
Done. Our total time was: 83272ms
ave frequency = 7.86578922086656
Target frequency = 7.8125
alpha filter = 0.7
Kp = 0.01
Ki = 0.025
Kd = 0
--------
-25.4775
-0.5025
2.35625
3.04625
2.7225
2.20375
-11.95875
-22.235
-24.44875
-23.52125
-23.825
-24.00125
-23.1225
-23.6875
-23.8975
-24.86
-25.5825
-24.9275
-26.2
-24.76625
-25.915
-25.83625
-28.60625
-26.645
-27.2425
-25.5925
-26.815
-29.51
-25.74
-28.525
-35.8625
-37.675
-35.46625
-24.9975
-24.4875
-23.12125
-20.22875
-22.955
-22.50625
-26.14375
-26.42375
-27.1425
-25.33875
-27.44
-23.9475
-26.91375
-27.05625
-24.1825
-26.72125
-27.745
-26.625
-25.31625
-27.73375
-29.01875
-29.67
-34.875
-29.53875
-21.16375
-20.82875
-20.15
-18.115
-16.92875
-17.69625
-18.415
-20.38625
-21.6875
-24.11625
-24.13875
-22.92
-24.585
-22.40375
-22.2325
-21.56625
-21.5
-23.465
-21.51125
-22.91125
-21.78
-22.69625
-23.53625
-23.585
-24.15
-23.18125
-22.9525
-24.7975
-22.965
-26.7825
-29.865
-27.52375
-33.8875
-25.385
-19.22
-17.775
-17.19
-20.465
-23.5225
-24.80125
-25.665
-23.0975
-21.9925
-21.0075
-21.535
-22.07375
-23.01875
-24.25
-22.2825
-23.7525
-23.49125
-24.97125
-25.36125
-24.9925
-24.39125
-30.6075
-28.6425
-21.93
-15.7375
-17.2575
-23.3025
-26.735
-25.52375
-28.1675
-26.24375
-28.1375
-29.475
-24.795
-26.15625
-25.57875
-27.21
-27.3875
-26.16625
-28.32875
-26.82
-28.32375
-26.2125
-28.5025
-27.22
-28.3725
-27.2975
-28.5025
-29.6225
-26.3325
-29.70375
-34.69
-34.655
-39.40625
-28.4875
-23.81125
-19.81875
-16.99375
-22.0575
-23.4675
-28.49125
-26.8475
-29.5075
-26.19625
-28.225
-23.78875
-26.215
-26.8175
-25.31125
-25.48625
-27.4275
-26.99125
-27.425
-27.4175
-28.1275
-30.2725
-35.81875
-28.09
-21.06
-20.56375
-19.11
-16.71375
-17.0525
-18.48625
-19.16125
-21.59375
-22.27625
-25.59375
-24.13625
-21.32375
-22.5475
-23.35375
-22.91375
-22.415
-22.97
-23.17
-20.8425
-23.33125
-22.025
-23.83625
-23.7675
-21.88625
-23.475
-22.44625
-23.08625
-24.20125
-23.23375
-29.64
-30.61875
-29.41
-33.04125
-23.4475
-17.85375
-17.005
-17.22125
-20.4125
-23.9475
-25.775
-25.06875
-22.83375
-22.05
-20.50125
-22.615
-22.3625
-23.11875
-23.7625
-23.63125
-23.39625
-21.62
-24.34375
-25.8225
-24.7125
-25.27875
Done. Our total time was: 28471ms
ave frequency = 7.86765480664536
Target frequency = 7.8125
alpha filter = 0.7
Kp = 0.01
Ki = 0.025
Kd = 0
--------
-27.66875
-0.17
2.6375
1.46
2.1225
2.05125
-3.325
-19.64875
-24.0275
-26.595
-24.13125
-25.0825
-24.265
-26.1325
-24.91875
-27.245
-25.425
-27.9425
-28.24375
-27.72375
-22.38625
-22.8375
-19.9975
-21.52875
-22.08125
-23.22625
-21.7775
-21.75
-23.0975
-22.9025
-22.53375
-21.92875
-23.505
-20.6425
-28.05375
-28.675
-25.35
-30.39375
-27.4775
-28.87
-26.14625
-27.41875
-26.04125
-27.27125
-28.08125
-28.92625
-27.60875
-26.02375
-26.09875
-26.5225
-25.515
-28.1075
-25.42375
-23.26625
-25.25375
-27.29875
-27.4525
-22.685
-21.4675
-19.04125
-19.8325
-20.175
-22.52875
-23.42375
-21.1375
-22.6875
-20.47875
-24.755
-26.30125
-28.135
-30.3
-32.3875
-29.05125
-26.39125
-23.4025
-26.8175
-26.64625
-30.87
-27.63125
-30.4475
-26.235
-25.7925
-23.2025
-22.4475
-25.49
-27.805
-32.2875
-24.73
-24.51625
-21.85625
-19.89125
-21.90875
-20.98
-22.68375
-22.83125
-24.145
-22.83875
-22.84125
-21.6775
-23.2575
-24.87125
-26.45625
-24.84
-27.90375
-32.81375
-30.20125
-29.00125
-24.93125
-22.7475
-24.09
-26.2325
-27.88625
-27.245
-28.11625
-28.42875
-25.26
-24.65625
-24.02
-29.1375
-34.06
-32.465
-27.915
-21.11375
-16.96
-16.23125
-20.9
-22.36125
-25.65
-25.45375
-24.98125
-24.19
-23.00875
-22.64
-22.6425
-20.63875
-28.855
Done. Our total time was: 17203ms
ave frequency = 7.90559786083822
Target frequency = 7.8125
alpha filter = 0.7
Kp = 0.01
Ki = 0.025
Kd = 0
--------
-26.3425
1.42625
2.0175
2.28
-3.47375
-13.60875
-19.795
-24.1
-22.21625
-23.115
-22.49
-22.0175
-22.6825
-22.605
-25.08125
-23.085
-24.86
-23.83125
-25.65
-24.86125
-25.93125
-24.80125
-26.9325
-26.655
-28.48375
-30.20125
-30.94875
-33.54
-27.58
-24.6175
-24.6025
-21.93875
-22.89
-25.765
-22.85625
-24.905
-26.72875
-25.155
-27.18375
-23.80625
-26.25375
-24.04875
-28.04875
-24.37875
-26.135
-27.66625
-25.53125
-26.85125
-25.88875
-25.56875
-25.47125
-26.6525
-28.11375
-28.395
-28.2475
-25.965
-28.33625
-31.405
-22.06
-23.51875
-24.00375
-19.43125
-17.25375
-17.48125
-17.9625
-20.205
-21.0225
-21.215
-23.1525
-23.89125
-22.175
-23.41125
-22.5625
-23.6225
-22.28875
-24.25375
-22.915
-22.89375
-22.4
-24.4175
-23.585
-24.315
-25.12625
-24.895
-27.9275
-30.4825
-33.71625
-22.0025
-19.435
-18.1975
-20.5775
-21.47375
-23.57125
-23.79625
-25.33125
-23.7025
-22.405
-23.11375
-23.29375
-23.4575
-23.25625
-23.70875
-23.745
-23.2275
-23.2775
-23.1825
-24.4475
-22.85375
-22.89
-23.32875
-22.655
-24.3825
-25.8025
-25.35125
-27.55375
-29.27625
-24.49375
-19.06375
-20.03125
-24.16375
-24.41625
-28.0875
-26.65125
-27.05
-25.82125
-25.25625
-26.96625
-25.45
-28.405
-27.625
-27.77625
-25.81625
-26.49625
-27.455
-28.58125
-26.71125
-27.99125
-27.975
-29.14375
-29.84875
-33.47125
-31.95625
-33.2775
-25.29625
-24.49375
-23.08875
-19.465
-23.8075
-25.2125
-24.7825
-27.8625
-25.57
-26.57
-25.49875
-26.085
-25.3
-26.05875
-25.98625
-27.2125
-24.0425
-27.3225
-26.62
-25.0275
-27.64375
-26.8375
-25.5975
-24.7775
-27.20375
-28.0275
-27.6425
-29.43625
-34.20875
-26.65
-21.2475
-23.575
-21.00125
-18.675
-17.9375
-17.8575
-18.10375
-20.5425
-22.9525
-23.89625
-23.075
-22.3975
-22.8975
-23.80625
-23.64
-21.36875
-22.27375
-23.4225
-24.545
-23.50375
-23.87
-24.56
-24.05
-24.97875
-24.39125
-25.4875
-26.225
-33.27125
-32.7075
-19.62
-18.31625
-16.81625
-21.00625
-23.13
-24.6125
-25.555
-23.75
-23.86125
-23.165
-24.065
-23.71625
-25.1275
-23.54375
-24.19
-23.29
-24.36
-23.89375
-25.24125
-24.35125
-22.8775
-24.3275
-23.2425
-23.875
-25.38
-24.42375
-23.42
-26.88875
Done. Our total time was: 29158ms
ave frequency = 7.888058165855
Target frequency = 7.8125
alpha filter = 0.7
Kp = 0.01
Ki = 0.025
Kd = 0
--------
-23.50375
0.2525
2.42625
2.23
-0.8775
-12.87625
-17.40875
-24.135
-23.08625
-24.89875
-22.7575
-22.7525
-24.66875
-25.55
-25.4725
-25.0025
-25.165
-27.20875
-26.21625
-26.7975
-24.87
-26.32125
-26.22375
-28.915
-22.0925
-23.39625
-21.6275
-21.29875
-22.23
-22.80625
-23.8575
-24.4075
-23.71875
-23.295
-22.90625
-23.29625
-22.47375
-24.04125
-23.2675
-24.37375
-23.41875
-22.68375
-23.715
-29.3975
-28.57875
-23.0525
-25.23
-25.73125
-29.6975
-26.76625
-25.43125
-25.935
-23.39
-28.565
-25.00125
-27.115
-24.92125
-28.39625
-26.5775
-28.94875
-25.86125
-27.525
-24.49375
-24.83125
-23.87625
-26.33125
-30.8225
-32.01625
-22.735
-22.7175
-19.7675
-21.6875
-24.08875
-23.2575
-23.46625
-22.725
-25.9875
-22.8025
-23.08375
-22.2225
-23.9825
-23.32625
-23.08125
-24.73125
-23.17875
-24.1025
-25.7075
-28.4675
-26.52125
-25.67125
-30.5475
-28.58125
-23.81875
-25.58
-23.545
-26.2925
-25.11875
-25.87
-27.97625
-27.33125
-27.54
-25.75
-25.35625
-28.12375
-24.5425
-27.6525
-25
-23.9375
-25.94
-31.37375
-35.0575
-34.23625
-26.6775
-18.56625
-17.03375
-16.615
-20.11
-23.02125
-26.1925
-27.255
-24.5575
-24.09375
-21.8875
-22.585
-22.90875
-23.7875
-25.1375
-25.1525
-25.90625
-23.57
-23.92625
-30.47625
Done. Our total time was: 16662ms
ave frequency = 7.92221822110191
Target frequency = 7.8125
alpha filter = 0.7
Kp = 0.01
Ki = 0.025
Kd = 0
--------
-26.315
2.365
1.77
2.98375
2.7325
2.32375
-17.3625
-31.62375
-31.80625
-30.505
-25.45625
-22.02625
-23.44125
-24.4925
-28.82125
-27.4925
-26.96875
-24.54375
-26.07375
-24.8575
-26.095
-24.3375
-26.51375
-23.89625
-24.52625
-23.09125
-22.3075
-25.43
-26.53625
-26.4375
-29.0025
-25.6575
-25.84875
-23.07375
-24.33125
-26.7925
-24.995
-26.79
-24.90875
-27.36
-24.66625
-24.82125
-27.28875
-25.255
-25.9775
-25.75875
-25.28625
-25.44625
-26.40125
-25.26
-26.11375
-25.76875
-24.175
-29.55875
-28.00875
-23.7725
-22.74125
-23.0275
-23.09125
-23.32125
-22.78125
-25.49
-24.11375
-24.11875
-23.92125
-23.00375
-22.6975
-21.92375
-23.595
-22.36
-22.14125
-19.9325
-24.02375
-22.51125
-21.51375
-21.29
-19.3525
-21.77125
-22.13125
-22.5
-23.99375
-24.68
-25.85
-23.44375
-23.77375
-23.0025
-22.4575
-24.1375
-23.5925
-23.96125
-23.2275
-23.17875
-23.5125
-22.875
-23.8025
-23.035
-24.58625
-22.99625
-23.14
-22.4025
-22.4725
-22.7775
-21.43125
-19.97375
-24.07375
-26.39125
-27.81375
-30.0775
-29.17625
-27.1675
-25.3375
-25.69375
-23.77625
-26.8375
-28.5675
-26.98625
-27.92375
-24.33125
-25.53625
-25.04625
-28.1775
-24.5875
-27.1875
-26.66125
-28.52
-24.09
-26.6275
-24.9175
-26.3525
-26.12125
-26.18125
-26.73625
-22.8075
-30.225
-30.2375
-33.805
-26.95
-22.6625
-20.45875
-22.10625
-24.4825
-25.3625
-27.26875
-24.2675
-25.39125
-23.69875
-23.1975
-21.3925
-24.2225
-23.9925
-25.2625
-22.21875
-23.83
-22.97
-22.9825
-23.17125
-22.135
-23.74625
-21.52625
-20.9375
-20.43375
-24.12125
-26.9775
-29.335
-34.09
-33.0475
-30.29375
-27.53
-23.65375
-26.095
-26.635
-27.35625
-29.34125
-25.98
-27.58
-25.94625
-26.50625
-25.055
-24.22
-25.7275
-26.1825
-26.185
-25.92375
-24.77375
-25.65625
-22.865
-25.44
-24.7475
-23.19125
-24.5525
-26.1725
-26.74625
-31.2475
-30.9125
-26.56
-21.65375
-23.145
-22.3425
-24.28125
-26.81
-26.6875
-25.855
-23.3175
-24.77125
-22.71625
-23.8225
-22.93125
-25.35
-23.9925
-23.66875
-22.47125
-22.54875
-23.36125
-22.6875
-21.675
-20.52
-19.6975
-21.69875
-22.00375
-25.61125
-26.49375
-28.86875
-30.6125
-33.00875
-30.07375
-26.28375
-27.8175
-25.81
-26.1175
-27.3875
-25.855
-27.56875
-25.21625
-27.2025
-25.92875
-27.37
-25.70125
-25.68125
-23.87625
-26.02375
-23.6675
-26.1725
-24.21125
-23.3975
-25.9875
-24.515
-21.9175
-23.67125
-28.08875
-26.585
-32.8725
-26.93375
-23.8225
-22.06625
-21.22375
-24.15375
-25.65875
-24.67
-25.48375
-26.005
-24.32375
-24.18125
-22.14125
-23.61125
-24.21375
-25.2225
-23.105
-23.2875
-22.56125
-22.14625
-23.56375
-22.055
-23.00125
-22.865
-19.89875
-20.215
-22.5975
-27.0325
-26.355
-29.9225
-27.4525
-28.64875
-29.5
-26.43375
-25.96375
-24.69375
-24.73125
-28.20375
-25.50375
-27.5125
-24.7025
-27.92
-25.02875
-27.295
-25.27875
-25.91125
-25.66875
-24.1075
-27.655
-25.90125
-24.035
-24.3575
-24.61625
-24.62
-24.89625
-25.62625
-24.79375
-24.31375
-30.42875
-27.51125
-21.0375
-19.8525
-19.61375
-20.76875
-22.79375
-24.3775
-26.97125
-26.6425
-24.2625
-24.52125
-22.87
-21.7675
-23.0125
-23.57375
-24.95875
-24.13375
-24.7375
-24.045
-22.93875
-23.79125
-21.56125
-24.2525
-23.50875
-22.45375
-22.73625
-26.605
-30.79625
-25.595
-19.8525
-21.8375
-23.6275
-27.97625
-26.3575
-27.34125
-24.5675
-23.73875
-21.29
-22.96875
-22.735
-23.82375
-22.2425
-23.81
-23.04
-23.28
-21.47
-21.21125
-21.81375
-21.05125
-21.47
-20.62625
-20.70375
-20.94
-18.86875
-24.315
-25.82375
-27.2
-29.6975
-35.645
-37.995
-36.69375
-28.40875
-22.51375
-23.34125
-25.4725
-30.73875
-32.8425
-30.1225
-28.28
-23.93625
-25.655
-24.34875
-27.0825
-25.09
-27.51125
-26.96
-26.61875
-21.8925
-24.39875
-22.01875
-23.9475
-23.11625
-21.3075
-28.29
-24.9575
-25.72875
-30.79375
-30.275
-27.3725
-23.28625
-24.39
-25.17875
-25.95625
-26.53875
-25.6275
-24.50125
-22.5925
-23.02
-22.5275
-23.56375
-23.03
-21.87125
-22.2375
-20.93375
-21.9625
-20.42625
-19.91875
-20.7125
-19.00875
-18.86875
-17.10875
-22.92875
-25.90125
-30.76
-28.46625
-32.69
-31.11375
-31.29375
-32.98
-29.23625
-28.4275
-26.8875
-25.24
-28.935
-28.06375
-29.41625
-28.1575
-25.17125
-26.8975
-24.935
-25.8275
-25.045
-25.9075
-25.64875
-23.78375
-23.345
-22.575
-22.5425
-21.9625
-19.7
-25.27625
-27.0525
-27.42625
-31.955
-29.285
-24.87625
-24.365
-24.77625
-25.155
-25.86625
-24.7875
-26.06125
-24.3725
-23.175
-23.0075
-22.6025
-22.36
-23.07125
-21.58875
-23.25875
-21.52
-21.345
-20.52375
-19.275
-19.41125
-19.6075
-19.4925
-22.1825
-22.85375
-27.32875
-26.4175
-28.93
-31.3425
-34.74
-31.3425
-27.33
-27.69125
-24.875
-28.5775
-27.86625
-28.70375
-28.85625
-25.89375
-27.62125
-24.76625
-26.46625
-25.7125
-25.8725
-27.77875
-24.95375
-25.275
-25.6875
-22.88
-22.36625
-23.3075
-21.1875
-23.52875
-24.295
-26.3775
-26.73
-34.79
-30.31625
-22.9975
-20.1625
-20.38625
-21.4
-24.68
-25.28375
-25.46
-25.0175
-25.1275
-22.3825
-22.70375
-22.6325
-21.5275
-23.5575
-22.7275
-23.22875
-21.21
-21.355
-22.54
-22.28875
-22.3625
-18.94
-19.78375
-20.47
-31.2275
Done. Our total time was: 68139ms
ave frequency = 7.86627335299902
Target frequency = 7.8125
alpha filter = 0.7
Kp = 0.01
Ki = 0.025
Kd = 0
--------
-30.7725
0.17375
0.9025
1.385
1.77625
0.63625
-7.965
-32.66625
-35.75625
-33.41125
-26.38375
-23.38375
-22.77
-24.16
-28.5075
-27.18875
-27.65625
-24.355
-27.0875
-25.06375
-26.96125
-24.6025
-26.14125
-23.6175
-24.44125
-23.60125
-23.8
-25.6525
-26.09625
-26.7075
-27.2625
-24.5975
-26.1675
-25.23375
-25.1075
-27.03875
-25.41875
-26.9325
-24.33
-25.88625
-25.335
-26.8725
-26.6225
-24.7325
-25.55875
-26.45125
-24.97125
-24.19625
-26.1525
-25.88125
-26.75625
-26.905
-26.0225
-28.6575
-26.22125
-22.54125
-22.4375
-22.96375
-23.79375
-24.175
-23.6425
-24.88
-23.72375
-23.23375
-23.9125
-22.035
-22.68375
-22.03375
-24.04375
-22.035
-22.5575
-21.12375
-22.55
-21.27
-21.67
-21.8125
-20.3725
-21.2425
-22.7875
-21.8875
-23.595
-24.45375
-25.03
-23.21125
-24.93625
-23.32875
-22.69125
-23.0375
-23.10625
-24.88125
-24.09125
-23.605
-22.97125
-23.15625
-22.91
-22.81625
-24.2925
-23.59625
-24.1025
-22.515
-21.5525
-22.1475
-20.8575
-20.91375
-24.6975
-26.9025
-25.81625
-27.0725
-28.125
-28.9825
-27.26125
-26.95125
-25.57125
-24.67375
-26.75875
-25.86375
-27.555
-25.6175
-27.21375
-25.7025
-26.31125
-25.9175
-26.32
-26.33125
-27.66625
-25.23625
-26.55875
-24.51375
-27.33
-24.585
-27.0875
-26.30875
-22.9525
-30.75125
-28.78375
-31.33375
-28.225
-25.815
-21.675
-22.62
-22.6
-24.0725
-25.51375
-24.555
-25.6975
-24.1775
-25.0225
-22.91375
-23.93125
-22.73875
-23.96125
-22.69375
-23.8025
-24.10125
-22.53875
-23.45125
-21.5075
-23.48
-22.485
-21.575
-21.70875
-21.175
-25.80125
-26.73875
-32.3
-33.21
-30.87625
-30.30125
-25.275
-25.47875
-26.78125
-25.50375
-28.4975
-26.91625
-27.34625
-26.71625
-26.145
-26.35875
-24.84375
-26.8975
-24.4275
-25.74875
-24.91
-25.50125
-25.5825
-23.5175
-25.72875
-24.5725
-24.515
-24.23125
-24.21
-28.97
-26.20375
-32.82125
-27.11125
-24.0125
-21.7625
-21.63
-24.325
-25.64
-26.93
-26.8125
-25.045
-24.08625
-23.5025
-23.905
-22.92
-23.98875
-23.27
-24.07
-23.5925
-22.24
-23.66375
-21.88875
-22.53125
-22.4125
-20.28375
-21.27125
-20.1725
-24.7525
-25.24125
-28.565
-29.32375
-31.33875
-33.675
-29.76625
-29.175
-27.63375
-25.2025
-30.39625
-32.2125
-40.5275
-40.8975
-40.06625
-38.32125
-33.5575
-26.26375
-10.90625
-10.96875
-14.36375
-22.22375
-26.71625
-26.92875
-29.315
-26.4325
-22.6925
-23.2325
-22.05875
-24.36375
-22.2225
-29.16
-25.46125
-21.2125
-20.1475
-22.55375
-25.0525
-27.33125
-27.03375
-25.875
-24.18
-23.36
-22.72
-22.565
-22.97125
-23.92625
-24.435
-24.1975
-22.8425
-23.27375
-21.4575
-22.19
-20.85625
-21.21
-22.85875
-21.2975
-19.7875
-22.19875
-18.5925
-21.54875
-23.72
-30.56
-30.59625
-32.28875
-27.6325
-25.53875
-26.325
-23.31625
-27.2725
-25.76125
-28.64125
-26.31875
-27.0175
-25.9125
-26.52375
-24.515
-26.90875
-25.03125
-26.145
-25.3125
-24.65375
-25.10625
-26.20375
-25.96
-24.415
-24.2725
-23.71875
-21.06125
-19.88875
-24.52125
-26.63375
-22.80625
-19.1025
-21.12
-20.60875
-24.045
-25.795
-26.2125
-25.2775
-24.20125
-24.1875
-23.7325
-23.2375
-22.8175
-23.82125
-23.55
-23.97
-23.2525
-24.08
-23.895
-25.8525
-23.0775
-22.53625
-23.31375
-21.93625
-20.765
-23.93125
-30.4925
-28.94125
-26.235
-20.815
-21.995
-29.4325
-27.17
-28.2975
-27.02
-24.4125
-26.59625
-24.8525
-28.05625
-24.97625
-27.6075
-24.565
-26.14125
-25.745
-25.70375
-26.7775
-25.66875
-25.26375
-26.61125
-26.25625
-26.43625
-26.445
-25.6025
-24.70875
-31.21875
-30.80125
-27.55625
-27.305
-26.59875
-24.60125
-24.24125
-23.8275
-25.03625
-25.28
-24.1375
-24.9825
-25.3725
-23.38875
-24.27125
-23.39625
-21.8075
-24.1075
-25.1975
-24.7475
-23.4525
-23.7675
-22.28
-22.8275
-22.7675
-21.18875
-23.35125
-23.22125
-21.58625
-23.555
-22.6175
-25.76
-25.97375
-30.72875
-30.4975
-31.6425
-31.6525
-26.77125
-27.68625
-25.425
-25.5625
-27.54875
-26.94625
-28.9325
-26.53
-27.3375
-24.24875
-26.49625
-23.90875
-27.42
-25.07875
-26.1575
-26.2225
-23.495
-25.65
-25.14375
-24.01875
-23.08625
-31.2875
-26.4725
-24.8675
-25.2875
-25.94125
-25.98375
-27.31
-26.3425
-25.7375
-25.4475
-23.85125
-23.88375
-22.63125
-24.27
-24.33
-24.41
-23.26625
-22.95125
-22.22875
-23.20375
-21.94375
-24.21125
-21.54125
-21.37125
-21.43375
-19.6
-20.64
-20.9375
-19.4125
-20.99
-20.94125
-22.92375
-23.66125
-25.595
-28.46875
-32.4775
-37.25375
-36.3525
-35.99
-30.35875
-25.8675
-25.5475
-23.30375
-27.18125
-26.63
-29.57375
-28.285
-27.71875
-24.89125
-25.68875
-23.12
-26.16
-24.21375
-24.9375
-25.92875
-24.19625
-24.6025
-27.5525
-24.67
-21.575
-23.85625
-27.27375
-27.5575
-26.6125
-26.46
-26.575
-25.4875
-23.2575
-23.0875
-23.245
-23.92
-24.14875
-23.25125
-22.5675
-22.0425
-22.2025
-22.115
-21.10125
-21.17875
-20.3925
-19.68
-19.83125
-20.21
-20.77875
-19.225
-17.6825
-16.27
-15.5525
-14.4
-13.875
-22.07125
-30.83125
-41.0875
-44.50375
-32.39
-28.1175
-25.4175
-28.48625
-32.075
-37.13375
-40.5
-33.26
-28.16375
-22.31875
-22.96375
-24.53625
-27.3825
-29.5025
-30.115
-26.015
-25.6025
-21.20125
-21.93
-23.9125
-23.12
-28.56375
-22.625
-23.15125
-25.295
-26.87
-26.085
-25.6025
-25.065
-22.0425
-23.95125
-22.9375
-22.6325
-22.47625
-21.7775
-21.6075
-21.11
-21.50125
-21.7375
-20.45125
-20.12375
-18.45125
-18.4175
-16.035
-15.24375
-14.29125
-13.2825
-11.53375
-13.28125
-13.82
-18.575
-24.75625
-28.9625
-36.7925
-35.415
-29.38625
-23.08125
-23.6225
-25.87625
-28.1625
-31.95625
-29.465
-28.64375
-25.45
-25.1
-28.36625
-30.23125
-30.2725
-32.22375
-32.55125
-24.855
-22.86375
-21.3575
-22.835
-22.875
-22.95625
-20.64125
-17.79
-22.23375
-24.83125
-29.83375
-32.49
-29.9825
-29.28875
-29.84875
-27.2475
-29.17375
-28.05875
-27.5825
-27.0725
-26.545
-26.75625
-25.8475
-26.09875
-25.0425
-24.04125
-24.50375
-23.66375
-24.0825
-23.825
-23.0575
-21.1025
-19.39875
-17.195
-17.04
-15.63875
-15.595
-21.75375
-32.15125
-43.54
-37.51875
-37.355
-27.205
-28.8075
-31.1825
-31.465
-29.005
-25.915
-22.4725
-24.8925
-22.77875
-25.9775
-24.94375
-22.9775
-24.40375
-23.555
-23.94375
-22.17875
-20.915
-21.9
-19.81375
-20.58125
-18.86625
-21.47
-19.03
-19.35
-24.21125
-24.4625
-30.805
-30.93875
-32.48
-31.6125
-29.5075
-29.64
-30.71125
-27.55375
-28.8125
-27.1025
-26.88125
-25.85875
-27.7075
-26.2825
-28.07875
-25.60125
-26.88375
-25.82
-24.57375
-24.04875
-23.29625
-23.76
-23.7475
-23.94375
-23.78
-22.58125
-25.80125
-27.9425
-32.31125
-28.47625
-30.78125
-25.7525
-24.61875
-25.2725
-21.95875
-24.79625
-22.38125
-25.24875
-25.97
-24.1925
-24.69
-21.16625
-24.05875
-20.66375
-23.04375
-20.64
-22.38625
-20.9525
-20.1
-22.05
-19.85875
-18.86125
-19.56125
-16.42375
-20.5125
-23.4825
-28.4725
-34.44375
-33.13625
-29.30875
-28.505
-28.235
-28.00125
-30.0675
-28.97375
-27.3725
-27.9025
-26.94625
-27.83125
-26.31125
-27.9525
-26.63625
-26.73625
-24.90125
-26.68625
-26.4925
-27.0475
-25.3375
-23.4275
-24.56875
-23.4475
-23.04625
-25.3575
-27.58125
-25.15125
-21.685
-26.3375
-24.49125
-25.01375
-25.9775
-22.47125
-26.19125
-22.2925
-25.375
-22.6825
-24.9275
-22.84625
-24.3025
-20.9525
-23.55
-21.34625
-20.79875
-23.7425
-21.86875
-21.505
-22.90375
-23.46375
-22.29875
-18.9075
-18.9625
-22.07375
-31.0325
-21.4025
-18.8775
-26.01875
-33.54875
-27.1975
-22.45875
-20.05125
-19.665
-21.635
-22.6
-24.57375
-25.03375
-25.76375
-25.425
-23.87625
-23.525
-22.0075
-24.39875
-23.51125
-24.55375
-23.26125
-25.86125
-23.94625
-23.33
-21.16125
-22.2925
-24.09625
-22.38875
-26.32375
-24.775
-27.27
-26.7175
-35.03125
-33.29
-33.56
-26.5375
-22.91375
-24.0525
-22.64875
-28.35875
-27.1275
-28.82125
-26.17125
-26.365
-25.78375
-27.11875
-24.74125
-27.28
-24.0375
-25.87
-26.9275
-24.885
-25.54875
-26.42
-25.14
-24.05375
-29.6575
-26.5775
-27.87125
-27.17
-27.2925
-26.00125
-24.99625
-24.57875
-23.82125
-25.39875
-23.9625
-24.82625
-23.34375
-23.74625
-24.38375
-23.56875
-24.9
-24.41
-23.60375
-20.99125
-21.85
-22.55625
-23.1775
-24.475
-21.86625
-20.88
-21.0475
-19.16625
-22.00375
-20.9275
-23.25875
-23.77875
-33.32625
-34.42625
-33.05375
-31.205
-30.80875
-25.97
-24.86
-27.66125
-26.55875
-29.335
-27.22375
-28.08625
-25.49
-25.63875
-24.30875
-27.46125
-25.38625
-27.93125
-24.68125
-25.99875
-24.6825
-23.345
-23.68125
-24.735
-26.6875
-25.33875
-27.0325
-26.58375
-26.16625
-25.0125
-25.92625
-25.68125
-26.7275
-25.26375
-24.53125
-23.72875
-23.08375
-23.87
-23.3225
-23.61875
-22.2125
-23.155
-22.49875
-23.26625
-22.5425
-21.15125
-21.5225
-20.5625
-20.32625
-20.33875
-19.19625
-20.5725
-19.685
-18.72625
-18.4175
-18.84125
-17.7925
-21.07
-33.93125
-39.575
-42.62875
-37.39875
-32.065
-31.82
-27.5025
-26.2325
-27.8025
-26.84375
-28.7075
-27.28
-29.0325
-25.26875
-25.85
-24.59875
-26.66
-26.55375
-24.39875
-26.19375
-23.11375
-24.0075
-27.54375
-25.1175
-23.19875
-25.175
-24.72375
-25.37125
-25.34875
-25.10375
-26.45125
-25.105
-24.79125
-22.82875
-21.69625
-21.52
-22.105
-23.03
-23.475
-22.0875
-21.41875
-19.6625
-21.06875
-20.1425
-20.7725
-19.77125
-19.3675
-17.4775
-16.6175
-15.6775
-14.125
-13.38125
-12.80375
-11.23625
-20.1675
-32.61125
-41.9425
-44.80125
-37.39125
-25.365
-23.23875
-25.7175
-30.0475
-37.215
-36.0475
-35.90875
-35.1175
-35.8775
-29.57125
-27.20875
-21.99625
-24
-23.79375
-29.83375
-28.54875
-29.73
-25.2975
-21.5125
-22.305
-24.05
-23.28375
-20.7975
-24.9025
-32.10125
-32.46125
-27.31
-22.19125
-20.35375
-19.09875
-22.69125
-23.355
-24.7175
-24.54
-23.04625
-20.7275
-19.95875
-20.895
-20.9175
-20.03625
-19.80125
-18.93
-18.54
-17.42875
-15.2175
-15.045
-13.7375
-12.9275
-12.19625
-13.9375
-22.2225
-32.8825
-41.79375
-46.605
-33.81875
-27.5225
-25.43625
-25.85125
-32.87375
-34.6275
-36.1175
-34.9875
-35.18375
-35.845
-29.46375
-27.055
-22.07375
-24.32875
-24.51
-30.4725
-27.5275
-29.25875
-24.64125
-24.26
-23.8
-22.15875
-24.6825
-22.8425
-24.705
-29.3675
-27.07625
-27.21375
-24.505
-21.90125
-24.33125
-22.795
-24.385
-26.65625
-25.2725
-25.25375
-20.605
-22.29
-21.9175
-22.78375
-21.39375
-22.91375
-22.31375
-21.995
-21.115
-19.435
-20.60375
-19.26625
-19.48375
-18.925
-17.7
-17.5675
-16.0225
-18.22875
-21.0725
-32.205
-36.91125
-37.15125
-37.00625
-36.4775
-33.73625
-31.37875
-24.85125
-25.66125
-23.35375
-26.53875
-28.8075
-28.9825
-29.8725
-26.5
-24.585
-24.175
-24.5675
-26.5675
-25.85125
-27.5575
-24.225
-23.27125
-23.215
-21.0425
-23.23625
-24.50125
-26.76375
-23.96375
-24.23125
-24.92375
-24.95875
-25.41875
-25.28875
-24.2525
-25.05375
-23.97875
-24.7425
-23.19625
-23.2675
-22.82375
-22.85375
-23.585
-24.065
-21.55875
-22.03125
-21.15625
-21.3275
-21.24875
-19.66
-21.19375
-21.62875
-18.25625
-20.9775
-20.76
-23.27
-30.9
-35.03
-35.54
-28.095
-25.59
-26.41
-23.78125
-27.45625
-27.15875
-27.3
-28.9475
-26.68625
-26.785
-24.685
-26.0425
-25.76375
-25.85
-27.475
-24.3425
-26.59125
-24.735
-22.77375
-24.975
-24.1725
-22.78375
-23.17125
-22.0875
-25.6075
-22.67875
-27.63
-22.635
-21.87875
-21.8125
-22.57
-25.61875
-25.82875
-24.80625
-25.66125
-23.47375
-23.34375
-22.95
-24.4375
-23.0575
-23.31375
-22.40625
-24.60625
-22.95375
-23.80375
-22.16125
-21.16125
-23.63
-20.81375
-19.85
-24.545
-20.60125
-17.25
-20.7675
-27.00375
-32.21
-30.91125
-26.70125
-28.015
-22.965
-23.91375
-24.56875
-26.8825
-25.6375
-27.65125
-26.79625
-28.0475
-24.065
-27.7475
-24.81125
-23.56375
-27.19875
-26.735
-24.605
-26.14125
-25.70125
-26.7425
-26.675
-26.3075
-32.025
-24.63875
-17.285
-20.2475
-29.48125
-28.2225
-24.66375
-22.53375
-20.92875
-22.00875
-23.3525
-23.90125
-24.64375
-24.55375
-24.615
-24.875
-25.51875
-21.9075
-23.7875
-22.92125
-23.305
-23.25375
-26.845
-24.61
-23.76875
-20.8575
-21.43
-24.0325
-22.97625
-26.1275
-25.205
-27.4525
-27.135
-36.45125
-35.45125
-31.8025
-23.80375
-21.56375
-24.03
-24.045
-29.34
-26.9
-28.1
-26.18625
-26.58375
-25.65625
-26.67125
-25.44625
-27.27125
-24.71625
-25.92125
-26.20375
-24.71375
-25.45875
-26.37
-25.32125
-24.21125
-30.64875
-27.6875
-26.3175
-27.02625
-25.58125
-24.9975
-24.7625
-25.56
-25.1475
-26.34125
-24.64375
-24.51875
-23.27375
-23.45375
-25.025
-22.73125
-22.9725
-23.9025
-23.73
-23.47625
-23.065
-23.0275
-21.45625
-22.88375
-21.74875
-21.2175
-21.54875
-20.1375
-20.88625
-20.89
-23.24375
-24.14625
-31.27375
-34.065
-33.4475
-30.62625
-32.0575
-27.89375
-25.34625
-24.7825
-25.12625
-29.315
-28.74625
-29.525
-26.815
-26.1
-23.82875
-26.06875
-25.55625
-26.50625
-24.695
-26.86875
-24.70625
-24.11125
-25.435
-23.62375
-25.35875
-25.3425
-26.685
-27.28375
-27.15125
-25.7575
-24.61875
-24.7175
-26.2125
-24.745
-25.72875
-24.85875
-21.83125
-23.075
-24.06375
-25.04375
-22.81375
-23.46
-22.235
-20.6825
-22.2375
-21.65
-22.46
-20.4225
-20.4875
-20.355
-18.525
-19.765
-19.60625
-19.155
-17.95875
-17.74875
-18.15875
-23.02625
-34.835
-39.65625
-40.88625
-35.9
-33.765
-34.32
-28.16875
-25.47125
-25.9625
-25.34
-29.27875
-27.69625
-30.65125
-25.49125
-26.81375
-23.3425
-25.6175
-24.96875
-25.4475
-28.6925
-23.84625
-23.16875
-24.8
-26.075
-24.65625
-23.8375
-24.32125
-25.89375
-25.74125
-26.14125
-26.295
-23.80125
-24.08125
-22.0175
-23.66625
-23.32125
-23.09
-21.715
-22.32625
-21.0175
-21.68
-20.4575
-20.96875
-20.4975
-20.99375
-19.91625
-18.475
-17.6125
-16.6875
-15.04375
-13.82625
-13.4175
-12.92
-11.11875
-16.80375
-30.77125
-45.28125
-47.4825
-37.11
-23.97375
-21.53375
-25.06625
-31.315
-40.015
-36.725
-35.2
-33.5275
-35.42
-31.1125
-25.92875
-22.7225
-25.515
-24.32625
-29.76
-27.06625
-28.49
-25.02
-23.2775
-23.0275
-23.6575
-24.86
Done. Our total time was: 183895ms
ave frequency = 7.86318279452949
Target frequency = 7.8125
alpha filter = 0.7
Kp = 0.01
Ki = 0.025
Kd = 0
--------
-17.70375
-15.92625
-24.58125
-19.485
-16.47875
-15.70375
-16.49
-18.47875
-19.91875
-20.32625
-21.02875
-23.46375
-23.58375
-26.79125
-25.86375
-26.8125
-25.815
-24.65375
-27.245
-27.4
-28.9925
-26.4575
-27.84125
-26.73625
-28.01875
-27.5375
-27.94625
-28.92625
-27.3775
-29.58375
-33.63375
-31.67375
-36.28625
-28.3675
-24.05375
-19.6575
-21.88875
-23.54875
-26.09625
-25.1925
-30.29125
-26.44625
-27.94125
-26.62125
-24.61625
-25.2
-28.14125
-27.88125
-27.10625
-27.325
-29.10375
-31.595
-31.45875
-20.82125
-14.85875
-13.60625
-15.00625
-18.93125
-22.97625
-23.7175
-23.5925
-22.47875
-23.26
-22.5475
-22.6125
-22.32375
-23.36875
-22.48375
-22.41
-22.7125
-23.49125
-22.70625
-23.58375
-21.385
-23.04375
-23.90125
-23.79125
-25.63625
-23.23125
-24.28875
-28.1675
-33.76125
-26.43375
-17.805
-17.02125
-17.34125
-21.58125
-23.50375
-25.2225
-24.41125
-23.34375
-22.13125
-22.65625
-21.13875
-22.46625
-22.415
-25.14625
-24.13125
-23.81875
-24.24875
-25.225
-25.76375
-30.45
-29.21125
-20.82125
-14.6625
-20.3925
-28.29375
-31.3175
-33.37625
-25.68625
-24.74625
-22.64375
-26.04
-27.74875
-30.00125
-29.875
-26.56
-24.79125
-26.5825
-26.09
-28.48875
-30.2975
-30.57125
-28.705
-31.02
-20.89875
-16.89625
-14.35375
-8.58875
1.0925
-2.35625
-6.755
-12.4775
-17.6675
-19.8775
-22.7575
-21.9275
-22.19125
-21.94625
-23.3625
-22.54
-22.02625
-22.13625
-21.485
-27.80875
-30.715
-30.645
-24.8575
-23.945
-18.92
-23.6
-24.94625
-27.56
-29.85375
-28.78125
-28.44625
-24.77125
-28.85875
-25.7925
-28.57625
-28.25125
-21.47125
-21.78625
-22.40875
-23.08125
-26.47
-28.8475
-29.12875
-28.06625
-27.2725
-25.41625
-22.06
-20.26375
-20.74
-21.11875
-22.1325
-24.29125
-27.345
-32.00125
-31.57875
-30.2775
-27.18375
-23.025
-18.36
-17.765
-19.0125
-19.9725
-24.86125
-30.6175
-33.59125
-32.005
-30.9525
-27.04
-20.9625
-17.53875
-17.03875
-17.385
-21.1425
-29.2825
-33.1175
-34.19125
-32.6125
-28.80125
-21.21625
-16.43375
-15.02125
-16.91
-20.0075
